# callgrind format
version: 1
creator: callgrind-3.22.0
pid: 2661
cmd:  ./headless
part: 1


desc: I1 cache: 
desc: D1 cache: 
desc: LL cache: 

desc: Timerange: Basic block 0 - 4171153487
desc: Trigger: Program termination

positions: line
events: Ir
summary: 9777106901


ob=(4) /usr/libexec/valgrind/vgpreload_core-amd64-linux.so
fl=(157) ???
fn=(506) 0x0000000000001110
0 12

ob=(6) /home/fcort/compParalela/navier-stokes_fc_mc/navierstokes-redblack_with_intrinsics/headless
fl=(195) ???
fn=(1276) lin_solve_rb_step._omp_fn.0
0 318464
cob=(3) ???
cfi=(154) ???
cfn=(1278) 0x0000000000109170
calls=19904 0 
0 199040
0 39808
cob=(3)
cfi=(154)
cfn=(1282) 0x0000000000109130
calls=19904 0 
0 119424
0 16341184

fn=(1406) dens_step
0 132
cfn=(1402) lin_solve.constprop.2
calls=3 0 
0 58475871
0 54
cfn=(1404) advect
calls=3 0 
0 3861891
0 38103

fn=(1398) project
0 5419218
cfn=(1400) set_bnd.constprop.2
calls=6 0 
0 42840
0 18
cfn=(1400)
calls=6 0 
0 42840
0 36
cfn=(1402)
calls=6 0 
0 117137746
0 5422986
cfn=(1392) set_bnd.constprop.1
calls=6 0 
0 44394
0 41250

fn=(1404)
0 11585298

fn=(1028) allocate_data
0 15
cob=(3)
cfi=(154)
cfn=(1030) 0x0000000000109190
calls=1 0 
0 184
0 6
cob=(3)
cfi=(154)
cfn=(1030)
calls=1 0 
0 333
0 6
cob=(3)
cfi=(154)
cfn=(1030)
calls=1 0 
0 184
0 6
cob=(3)
cfi=(154)
cfn=(1030)
calls=1 0 
0 333
0 6
cob=(3)
cfi=(154)
cfn=(1030)
calls=1 0 
0 184
0 6
cob=(3)
cfi=(154)
cfn=(1030)
calls=1 0 
0 333
0 22

fn=(1036) wtime
0 297
cob=(3)
cfi=(154)
cfn=(1038) 0x0000000000109160
calls=27 0 
0 270
0 378

fn=(916) (below main)
0 12
cob=(2) /usr/lib/x86_64-linux-gnu/libc.so.6
cfi=(196) ./csu/../csu/libc-start.c
cfn=(918) __libc_start_main@@GLIBC_2.34
calls=1 242 
0 350121926

fn=(928) 0x00000000000012c0
0 12

fn=(1400)
0 85680

fn=(1402)
0 1251
cob=(3)
cfi=(154)
cfn=(1048) 0x00000000001091d0
calls=9 0 
0 4871671
0 2736
cob=(3)
cfi=(154)
cfn=(1048)
calls=171 0 
0 86130937
0 3240
cob=(3)
cfi=(154)
cfn=(1048)
calls=180 0 
0 83329823
0 1273959

fn=(946) main
0 49
cob=(3)
cfi=(154)
cfn=(948) 0x0000000000109180
calls=1 0 
0 7370
0 2
cfn=(1028)
calls=1 0 
0 1618
0 3
cfn=(1032) clear_data
calls=1 0 
0 777418
0 6
cfn=(1034) one_step
calls=4 0 
0 349335215
0 11

fn=(1032)
0 777418

fn=(1034)
0 16
cfn=(1036)
calls=4 0 
0 140
0 32
cfn=(1042) react
calls=4 0 
0 4481932
0 4
cfn=(1036)
calls=4 0 
0 140
0 68
cfn=(1036)
calls=4 0 
0 140
0 64
cfn=(1046) vel_step
calls=4 0 
0 282445674
0 3
cfn=(1036)
calls=3 0 
0 105
0 51
cfn=(1036)
calls=3 0 
0 105
0 48
cfn=(1406)
calls=3 0 
0 62376051
0 3
cfn=(1036)
calls=3 0 
0 105
0 51
cfn=(1036)
calls=3 0 
0 105
0 126
cob=(3)
cfi=(154)
cfn=(1408) 0x0000000000109150
calls=3 0 
0 30105
0 3
cfn=(1036)
calls=3 0 
0 105
0 39

fn=(1044) rb_idx
0 104

fn=(1042)
0 4481720
cfn=(1044)
calls=1 0 
0 26
0 26
cfn=(1044)
calls=1 0 
0 26
0 60
cfn=(1044)
calls=2 0 
0 52
0 22

fn=(1046)
0 372
cob=(3)
cfi=(154)
cfn=(1048)
calls=4 0 
0 1624351
0 1088
cob=(3)
cfi=(154)
cfn=(1048)
calls=68 0 
0 35778446
0 1136
cob=(3)
cfi=(154)
cfn=(1048)
calls=71 0 
0 41914291
0 213
cfn=(1392)
calls=71 0 
0 525329
0 1414
cob=(3)
cfi=(154)
cfn=(1048)
calls=57 0 
0 29968845
0 27
cob=(3)
cfi=(154)
cfn=(1048)
calls=3 0 
0 714518
0 1080
cob=(3)
cfi=(154)
cfn=(1048)
calls=60 0 
0 35497999
0 440079
cfn=(1398)
calls=3 0 
0 61201683
0 27
cfn=(1404)
calls=3 0 
0 3860751
0 33
cfn=(1404)
calls=3 0 
0 3862656
0 63
cfn=(1398)
calls=3 0 
0 66949645
0 101628

fn=(1392)
0 569723

ob=(1) /usr/lib/x86_64-linux-gnu/ld-linux-x86-64.so.2
fl=(63) ./io/../sysdeps/unix/sysv/linux/access.c
fn=(200) access
25 1
+2 7
+4 1

fl=(76) ./elf/../sysdeps/x86_64/dl-cet.c
fn=(260) _dl_cet_check
361 8
-76 1
-10 2
+2 2
-1 1
+6 1
+3 1
+8 1
-11 1
+1 1
-1 1
+1 1
-1 1
+1 1
+10 4
+3 1
+4 2
+2 2
-1 1
+2 2
+2 2
-1 2
+4 1
+2 1
+3 2
145 2
+12 2
+16 1
+6 1
363 6

fn=(494) _dl_cet_setup_features
331 1
+3 2
+16 1

fl=(13) ./elf/./elf/dl-sort-maps.c
fn=(26) _dl_sort_maps_init
289 2
+1 2
-1 2
+1 2
cfi=(11) ./elf/./elf/dl-tunables.c
cfn=(28) __tunable_get_val
calls=1 +97 
* 24
+2 3
-1 1
+2 2

fn=(234) dfs_traversal.part.0
135 45
+10 5
-2 5
+2 10
+2 12
-7 10
+7 20
+9 10
+15 15
+1 5
+1 30

fn=(232) _dl_sort_maps
298 12
+8 1
-8 1
+8 2
+4 8
-99 1
-28 1
-2 1
+1 2
+29 1
-28 4
+1 1
-1 1
+1 1
-1 2
+1 4
-1 4
+1 4
-1 8
+28 15
+8 3
-3 1
+2 1
+1 2
-3 1
+5 16
+2 5
-83 25
cfn=(234)
calls=5 -5 
* 167
+86 15
+18 4
+32 4
+7 1
+27 1
-47 3
cfi=(29) ./string/../sysdeps/x86_64/multiarch/memmove-vec-unaligned-erms.S
cfn=(82) memcpy
calls=1 -53 
* 19
* 1

fl=(25) ./elf/./elf/dl-environ.c
fn=(70) _dl_next_ld_env_entry
28 3
+1 3
+3 43
+13 33
-13 66
+2 70
+1 18
+5 2
-3 2
+3 2
+2 2

fl=(22) ./string/../sysdeps/x86_64/multiarch/../multiarch/strlen-sse2.S
fn=(62) strlen
57 20
+44 20
+1 20
+1 20
+1 20
+1 20
+1 20
+1 20
+2 20
+2 20
+31 20
+1 20
+1 20
+1 20
+1 20
+1 11
+2 11
+4 9
+1 9
+1 9
+1 9
+1 9
+1 9
+1 9
+1 9
+1 9
+1 9
+1 9
+1 9
+5 72

fl=(23) ./elf/../misc/sbrk.c
fn=(64) sbrk
37 4
+3 1
-3 2
+21 2
+4 2
+16 5

fl=(48) ./elf/./elf/dl-audit.c
fn=(198) _dl_audit_objopen
77 3
+1 12

fn=(936) _dl_audit_preinit
118 1
+1 4

fn=(484) _dl_audit_activity_nsid
41 1
+4 4
+1 1
+1 5

fn=(152) _dl_audit_activity_map
29 2
+2 1
-2 5
+1 1
+1 2
+6 6

fl=(38) ./elf/../sysdeps/x86_64/dl-hwcaps-subdirs.c
fn=(110) _dl_hwcaps_subdirs_active
29 1
fi=(19) ./elf/../sysdeps/x86/get-isa-level.h
+2 1
fe=(38)
+7 1
fi=(19)
-8 4
fe=(38)
+22 1
fi=(19)
-20 3
+4 1
fe=(38)
+2 1
fi=(19)
-2 2
+3 4
+1 4
+5 1
fe=(38)
-7 1
fi=(19)
+7 3
fe=(38)
-2 1
fi=(19)
+5 2
+3 5
+2 4
+1 2
+1 2
+3 1
fe=(38)
-10 1
fi=(19)
+10 3
fe=(38)

fl=(46) ./elf/../elf/dl-tls.c
fn=(442) _dl_allocate_tls_init
523 11
+1 2
+4 1
+6 1
-6 1
+6 1
cfi=(24) ./elf/../sysdeps/nptl/dl-tls_init_tp.c
cfn=(86) rtld_mutex_dummy
calls=1 42 
* 3
+3 3
+12 1
-18 1
+42 3
-19 12
+9 6
+1 4
+6 6
+3 2
-2 2
+2 2
-2 2
+2 8
+4 2
-4 2
+4 2
-1 4
+4 4
+1 8
+2 4
+1 4
+17 2
-8 2
+8 2
+2 8
cfi=(29)
cfn=(126) mempcpy
calls=2 197 
* 26
* 12
cfi=(43) ./string/../sysdeps/x86_64/multiarch/../multiarch/memset-vec-unaligned-erms.S
cfn=(130) memset
calls=2 132 
* 60
-49 2
+55 2
-55 8
+6 7
+55 2
cfi=(24)
cfn=(86)
calls=1 42 
* 3
+3 2
+3 9

fn=(1204) _dl_allocate_tls
626 310
+1 62
365 31
fi=(28) ./elf/../include/rtld-malloc.h
44 31
fe=(46)
369 31
+1 31
fi=(28)
44 31
cob=(2)
cfi=(176) ./malloc/./malloc/malloc.c
cfn=(672) calloc
calls=31 3699 
* 8277
fe=(46)
371 62
+9 31
-6 31
+6 62
534 62
cob=(2)
cfi=(237) ./nptl/./nptl/pthread_mutex_lock.c
cfn=(1206) pthread_mutex_lock@@GLIBC_2.2.5
calls=31 77 
* 1364
+3 93
+12 31
+24 31
-42 31
-1 62
+24 248
+9 186
+1 124
+6 186
+3 62
-2 62
+6 62
-6 62
+2 62
+4 62
-4 186
+3 124
+4 124
+1 248
+2 124
+1 62
+19 248
-19 62
+19 62
-10 62
+10 124
cfi=(29)
cfn=(126)
calls=62 197 
* 806
* 372
cfi=(43)
cfn=(130)
calls=62 132 
* 1860
-49 62
+55 186
-55 248
+6 186
+55 62
cob=(2)
cfi=(238) ./nptl/./nptl/pthread_mutex_unlock.c
cfn=(1208) pthread_mutex_unlock@@GLIBC_2.2.5
calls=31 367 
* 1147
+3 31
+2 31
+10 248

fn=(224) _dl_assign_tls_modid
125 2
+16 2
-13 2
-3 6
+3 2
+55 2
-2 2
+5 2
+1 4

fn=(438) _dl_add_to_slotinfo
1017 16
+9 2
-9 2
+6 2
+4 2
+4 6
+34 4
+3 4
+1 6
+3 12

fn=(146) _dl_count_modids
192 1
+2 2
+1 1
+15 2

fn=(250) _dl_determine_tlsoffset
216 9
+6 4
+3 2
+36 3
+2 1
-2 1
-2 1
-40 1
-1 1
-1 1
+46 2
+23 6
+3 2
-3 10
+2 4
+4 1
-1 1
+1 1
+2 1
-33 2
+20 1
-20 5
+33 1
-33 2
+20 1
-20 5
+2 4
+3 2
-1 2
+5 4
-5 2
+1 2
-1 2
+3 4
+2 6
+32 2
-1 1
+53 1
-52 5
+2 2
+51 8

fn=(248) _dl_tls_static_surplus_init
97 2
+3 1
-3 3
+3 1
-3 1
+3 1
-3 1
+3 1
-3 1
+3 1
cfi=(11)
cfn=(28)
calls=1 387 
* 23
* 1
+1 4
cfi=(11)
cfn=(28)
calls=1 387 
* 23
+1 1
+2 1
-3 1
+1 2
+2 3
+3 1
+2 1
-26 3
+28 3
+1 6

fn=(252) _dl_allocate_tls_storage
417 7
+2 1
+11 1
+1 1
fi=(28)
56 1
cfi=(27) ./elf/./elf/dl-minimal-malloc.c
cfn=(78) __minimal_malloc
calls=1 -20 
* 85
fe=(46)
432 2
+8 3
fi=(28)
44 1
fe=(46)
440 2
+5 1
-5 1
+1 1
+4 304
+19 1
-99 1
+4 1
+1 1
fi=(28)
44 1
cfi=(27)
cfn=(74) __minimal_calloc
calls=1 +36 
* 41
fe=(46)
371 2
+3 1
+6 2
+90 7

fl=(39) ./elf/./elf/dl-hwcaps_split.c
fn=(120) _dl_hwcaps_split
25 5
+1 3
+21 1
-20 1
+20 3

fn=(114) _dl_hwcaps_split_masked
51 110
-25 44
+36 5
-7 5
+7 35
-26 24
+5 27
cfi=(41) ./string/../sysdeps/x86_64/multiarch/../multiarch/strchr-sse2.S
cfn=(118) index
calls=9 -9 
* 216
* 9
+1 18
+3 6
+11 12
+1 18
+1 12
-2 6
+1 9
+1 6
-28 24
+4 48
+1 12
-1 30
+24 6
+9 12
-5 6
-2 6
+2 42
-19 6
cfi=(22)
cfn=(62)
calls=3 +14 
* 51
* 6

fl=(8) ./elf/./elf/dl-setup_hash.c
fn=(14) _dl_setup_hash
25 5
+3 5
-3 5
+3 10
+3 15
+1 10
+2 5
-1 5
+3 15
+1 5
+1 10
+7 5
-5 5
-2 5
+3 10
+2 5
+2 10
+5 5

fl=(41)
fn=(118)
32 18
+1 18
+1 18
+1 18
+1 18
+1 18
+1 18
+1 18
+1 18
+1 18
+1 18
+1 18
+1 18
+1 18
+1 18
+1 18
+1 18
+1 18
+1 16
+4 16
+1 16
+1 16
+1 16
+2 16
+4 2
+1 2
+1 2
+1 2
+1 2
+1 2
+1 2
+1 2
+1 2
+1 2
+1 2
+1 2
+1 2
+1 2
+1 2
+1 2
+1 2
+1 2
+1 2
+1 2
+1 2
+1 2
+1 2
+1 2
+52 2
+4 2
+1 2
+1 2
+1 2
+2 2

fl=(2) ./elf/./elf/rtld.c
fn=(66) dl_main
1346 2
197 1
1346 11
199 1
302 1
+1 1
197 1
+99 3
1357 1
cfi=(24)
cfn=(68) __tls_pre_init_tp
calls=1 53 
* 17
2749 1
2538 1
2749 2
2598 1
+2 2
+15 1
-13 2
cfi=(25)
cfn=(70)
calls=1 28 
* 41
* 4
cfi=(25)
cfn=(70)
calls=2 28 
* 203
* 9
+4 6
-2 2
+2 6
+1 2
-1 6
+1 17
-1 89
+9 12
2727 3
1373 1
+1 2
-1 2
+1 2
2687 3
-47 2
+10 2
1637 9
cfi=(26) ./elf/./elf/dl-object.c
cfn=(72) _dl_new_object
calls=1 59 
* 210
* 1
+2 2
+1 3
+6 1
-5 2
+1 3
+4 1
cfi=(26)
cfn=(84) _dl_add_to_namespace_list
calls=1 31 
* 42
+1 2
1116 1
-1 1
1351 1
1143 1
-21 2
+21 2
-19 1
+1 1
-3 1
+21 2
+57 1
-82 1
+25 1
-3 1
+4 1
+19 1
+37 4
-56 102
+56 4
-1 4
+1 8
-1 4
+2 8
+1 1
+2 12
+1 14
+4 8
+1 8
+1 4
+4 12
-72 27
1253 2
+1 22
+6 4
cfi=(30) ./elf/./elf/dl-load.c
cfn=(88) _dl_process_pt_gnu_property
calls=1 868 
* 90
-7 26
+1 13
+6 13
-6 26
fi=(31) ./elf/../sysdeps/x86/dl-prop.h
235 4
+1 2
-87 4
fe=(2)
1148 1
-5 1
+5 2
-5 2
+30 1
-9 2
+2 1
-3 1
+10 2
+18 2
-38 2
-10 1
+10 1
+1 9
-11 2
+1 14
1247 1
1143 1
1247 2
1143 3
1266 4
+3 3
+2 3
1672 3
+2 2
-1 1
+1 1
+1 3
-2 2
cfi=(32) ./string/../sysdeps/x86_64/multiarch/../multiarch/strcmp-sse2.S
cfn=(94) strcmp
calls=1 98 
* 25
* 2
+7 1
+3 1
-5 1
+3 1
+2 1
+1 2
+4 2
+2 2
fi=(3) ./elf/./get-dynamic-info.h
39 4
+4 1
+2 1
+9 1
+1 1
-10 2
+23 27
-23 108
+4 54
+3 6
-1 12
+3 24
+1 20
fe=(2)
1243 1
1143 1
1243 1
1143 2
fi=(3)
72 4
+43 2
+7 3
+1 4
+6 3
+18 4
+5 2
+2 2
+2 2
+2 2
+1 2
+3 4
+2 3
+1 2
+9 2
+6 2
+1 3
+3 3
fe=(2)
1698 4
+7 2
cfi=(8)
cfn=(14)
calls=1 25 
* 27
+3 2
fi=(33) ./elf/./setup-vdso.h
24 2
fi=(36) ./elf/./dl-main.h
+85 2
fi=(35) ./elf/../sysdeps/unix/sysv/linux/dl-vdso-setup.h
-64 1
fi=(36)
+64 3
cfi=(30)
cfn=(106) _dl_init_paths
calls=1 706 
* 2322
fe=(2)
1733 3
cfi=(45) ./elf/./elf/dl-debug.c
cfn=(144) _dl_debug_initialize
calls=1 56 
* 34
+7 1
-5 1
-2 1
+7 1
+4 1
+1 1
+2 1
-3 3
+1 2
+3 1
+11 1
-13 1
+13 1
+1 2
+5 1
-3 2
+2 1
+1 2
+5 3
+1 5
-1 2
224 1
+1 1
-1 1
+1 3
+1 2
1788 2
+5 1
-1 1
1352 1
1793 1
+24 1
cfi=(46)
cfn=(146)
calls=1 192 
* 6
* 1
fi=(47) ./elf/../sysdeps/generic/dl-debug.h
29 4
+1 1
fe=(2)
1823 1
+1 1
cfi=(45)
cfn=(150) _dl_debug_state
calls=1 116 
* 2
+1 1
+4 3
cfi=(48)
cfn=(152)
calls=1 29 
* 17
+5 3
+2 1
+2 2
+9 2
+16 4
cfi=(63)
cfn=(200)
calls=1 25 
* 9
* 2
+76 4
+16 3
85 1
1965 1
85 2
1965 1
85 1
1965 5
85 1
1965 2
cfi=(64) ./elf/./elf/dl-deps.c
cfn=(202) _dl_map_object_deps
calls=1 143 
* 12594
92 1
+9 1
1971 1
92 2
+9 2
1971 2
+1 6
-1 4
+1 8
-1 16
+4 3
+1 2
+1 1
+2 18
+1 8
+46 1
-42 2
+8 3
+1 2
+2 1
+2 3
+2 1
-4 1
+5 1
-1 2
+14 2
+1 2
+1 3
-25 1
+36 2
+2 1
-2 1
+2 2
-2 1
+1 2
+1 1
-1 2
+1 1
cfi=(50) ./elf/./elf/dl-catch.c
cfn=(236) _dl_receive_error
calls=1 186 
* 8677
+10 1
+1 1
-1 1
+1 1
+3 2
837 1
fi=(255) ./elf/../sysdeps/unix/sysv/linux/dl-osinfo.h
39 2
fe=(2)
839 1
fi=(255)
52 1
fe=(2)
848 1
+7 1
-5 1
2047 3
2246 2
+4 1
-4 1
+10 1
-6 1
+6 1
-6 1
+9 2
+8 2
fi=(31)
36 2
+1 3
+3 3
+13 7
-13 4
+9 8
-9 1
+9 20
+4 16
-16 15
+34 1
fe=(2)
2279 1
fi=(31)
71 1
cfi=(76)
cfn=(260)
calls=1 361 
* 55
fe=(2)
2282 1
-3 2
+5 1
-2 2
+2 2
+1 6
cfi=(77) ./elf/./elf/dl-reloc.c
cfn=(262) _dl_relocate_object
calls=1 207 
* 71397
85 2
2292 1
85 2
2292 1
+1 17
+2 10
+5 10
+2 10
+6 5
+2 10
+1 32
cfi=(77)
cfn=(262)
calls=4 207 
* 27286
+4 14
+1 4
-23 2
+23 2
cfi=(46)
cfn=(438)
calls=2 1017 
* 56
-23 5
92 3
+1 1
2325 1
93 1
2325 1
+4 4
+2 1
+7 4
cfi=(46)
cfn=(442)
calls=1 523 
* 249
+3 2
+4 3
+2 2
+33 3
cfi=(148) ./elf/./elf/dl-call-libc-early-init.c
cfn=(466) _dl_call_libc_early_init
calls=1 27 
* 603
+7 1
cfi=(9) ./elf/../sysdeps/unix/sysv/linux/dl-sysdep.c
cfn=(482) _dl_sysdep_start_cleanup
calls=1 147 
* 2
+3 3
cfi=(48)
cfn=(484)
calls=1 41 
* 11
+4 2
cfi=(45)
cfn=(196) _dl_debug_update
calls=1 38 
* 7
+1 1
-1 1
+2 1
cfi=(45)
cfn=(150)
calls=1 116 
* 2
+1 1
+4 1
cfi=(67) ./elf/./elf/dl-cache.c
cfn=(486) _dl_unload_cache
calls=1 525 
* 19
+5 8
2304 1
+1 1
-3 2
226 2
-2 1
+1 1
1773 1
+6 1
-6 2
+6 1
fi=(3)
56 5
+3 4
fi=(34) ./elf/../sysdeps/unix/sysv/linux/dl-vdso.h
-19 2
+1 5
fi=(35)
-11 1
+3 1
+3 1
+3 1
fi=(34)
+16 2
fi=(3)
+17 3
+12 3
+1 5
+1 5
+1 5
+1 4
+1 5
+1 5
+1 5
+12 2
+7 1
-7 7
+7 2
fe=(2)
1743 4
2357 1
cfi=(142) ./elf/./elf/dl-find_object.c
cfn=(444) _dl_find_object_init
calls=1 561 
* 728
+5 3
cfi=(7) ./elf/./elf/dl-minimal.c
cfn=(452) __rtld_malloc_init_real
calls=1 76 
* 2651
+3 1
cfi=(146) ./elf/../sysdeps/nptl/dl-mutex.c
cfn=(460) __rtld_mutex_init
calls=1 30 
* 503
85 1
2371 1
+1 3
85 3
2372 2
cfi=(77)
cfn=(262)
calls=1 207 
* 1699
92 3
+9 3
2687 2
+2 1
+1 1
-1 1
+1 1
+1 1
2040 2
cfn=(246) init_tls
calls=1 734 
* 877
* 2
2650 2
+2 2
+1 1
fi=(3)
62 4
+2 4
fe=(2)
1943 10
85 1
1842 2
85 3
1842 2
cfn=(154) handle_preload_list
calls=1 869 
* 3098
* 1
92 3
+9 3
1943 6
+1 1
-1 1
+4 3
+1 1
+1 2
+1 2
-7 2

fn=(154)
869 11
+5 1
-5 2
+5 2
-4 3
+7 3
cfi=(49) ./string/../string/strcspn.c
cfn=(156) strcspn
calls=1 32 
* 254
* 1
+1 3
+9 1
183 1
889 2
183 2
891 2
-80 1
+5 1
-6 1
-4 1
+10 2
-6 1
+4 1
+2 2
-5 1
+1 1
+4 1
cfi=(50)
cfn=(158) _dl_catch_error
calls=1 254 
* 2754
+1 3
+8 3
+67 1
-18 2
+21 9
-15 4
cfi=(29)
cfn=(82)
calls=1 210 
* 19
+1 2

fn=(246)
734 1
+6 1
-6 3
+2 2
+4 2
+11 1
fi=(28)
44 1
fe=(2)
746 1
+4 1
fi=(28)
44 1
cfi=(27)
cfn=(74)
calls=1 +36 
* 41
fe=(2)
761 1
-12 1
+6 1
-9 1
+11 1
+4 1
+2 3
-1 2
+3 10
+4 2
+2 2
-2 4
-5 2
-1 4
+10 3
+3 2
cfi=(46)
cfn=(248)
calls=1 97 
* 86
+3 1
cfi=(46)
cfn=(250)
calls=1 216 
* 116
+7 1
cfi=(46)
cfn=(252)
calls=1 417 
* 469
* 1
+1 2
+6 1
fi=(74) ./elf/../sysdeps/generic/dl-call_tls_init_tp.h
31 2
fe=(2)
793 1
fi=(74)
31 6
+2 1
cfi=(24)
cfn=(256) __tls_init_tp
calls=1 +35 
* 79
fe=(2)
800 1
-3 1
+3 4
-36 3
-1 7

fn=(2) _dl_start
517 16
85 1
547 4
85 1
543 1
fi=(6) ./elf/../sysdeps/x86_64/dl-machine.h
55 1
fe=(2)
+30 1
546 1
85 1
fi=(3)
-40 1
fe=(2)
546 1
fi=(3)
45 2
+23 18
-23 72
+4 36
+3 5
-1 10
+3 20
+1 16
+1 5
fi=(4) ./elf/../sysdeps/generic/ldsodefs.h
+23 1
fi=(3)
+31 1
-38 3
+12 4
+1 3
+1 4
+1 4
+1 5
+1 3
+1 4
+1 4
+12 7
+7 2
-51 4
+64 3
+6 3
+1 3
+3 2
+1 3
+5 5
+3 5
fe=(2)
563 154
fi=(4)
79 1
fe=(2)
563 1
fi=(4)
79 2
fe=(2)
563 27
fi=(6)
287 3
fi=(5) ./elf/./elf/do-rel.h
49 1
fe=(2)
563 1
fi=(5)
50 1
-1 2
+4 1
-3 1
+3 4
+3 2
-7 1
fe=(2)
563 1
fi=(5)
50 1
-1 2
+4 1
-3 1
+3 4
+3 2
+7 3
+2 3
-2 6
fi=(6)
278 3
fi=(5)
64 6
fi=(6)
278 6
+9 24
+3 6
+1 6
+26 8
+6 2
fi=(5)
61 13
fe=(2)
563 6
fi=(5)
51 1
fi=(4)
+28 2
fi=(3)
-17 4
+2 4
fe=(2)
565 1
+13 1
cfi=(7)
cfn=(12) __rtld_malloc_init_stubs
calls=1 42 
* 10
458 2
85 1
476 2
85 3
476 1
cfi=(8)
cfn=(14)
calls=1 25 
* 27
+2 1
+16 2
-17 1
+11 1
-10 1
+16 1
cfi=(9)
cfn=(16) _dl_sysdep_start
calls=1 102 
* 164070
* 1
+2 2
+89 9
fi=(3)
103 3
fe=(2)

fn=(164) map_doit
641 2
+2 1
-2 4
+2 1
+1 2
-1 2
+1 3
cfi=(30)
cfn=(166) _dl_map_object
calls=1 1967 
* 2643
* 1
+2 3

fn=(238) version_check_doit
674 2
+2 1
-2 4
+2 3
cfi=(73) ./elf/./elf/dl-version.c
cfn=(240) _dl_check_all_versions
calls=1 392 
* 8640
* 2
+4 3

fl=(142)
fn=(448) _dlfo_process_initial
474 2
+3 2
-3 6
+1 2
+3 4
+26 14
+1 6
+1 10
-1 20
+3 36
+3 32
-7 10
+27 2
-2 2
+2 6
-18 24
+3 8
-1 8
cfi=(143) ./elf/./dl-find_object.h
cfn=(446) _dl_find_object_from_map
calls=4 95 
* 252
+2 16

fn=(450) _dlfo_sort_mappings
536 1
+1 2
+3 4
+4 1
+1 1
-1 1
+1 2
-1 2
+1 2
-1 2
+1 10
+1 30
+3 3
-1 3
-3 18
+8 9
+1 6
-1 3
-13 6
+14 9
+1 6
-15 6
+17 1

fn=(444)
561 2
+3 1
-3 3
+5 2
+13 1
cfn=(448)
calls=1 474 
* 97
+1 1
-1 1
+1 1
fi=(28)
56 1
cfi=(27)
cfn=(78)
calls=1 -20 
* 30
fe=(142)
580 1
fi=(28)
56 1
fe=(142)
582 2
+3 2
+5 1
+1 1
cfn=(448)
calls=1 474 
* 365
+3 3
+10 4
-37 2
cfi=(143)
cfn=(446)
calls=1 95 
* 68
* 1
+29 2
cfn=(450)
calls=1 -60 
* 128
+3 6
+2 1

fl=(57) ./misc/../sysdeps/unix/sysv/linux/mmap64.c
fn=(182) mmap
47 16
+3 32
-3 96
+6 32
+5 96
+2 64
-7 36

fl=(67)
fn=(222) _dl_cache_libcmp
357 13
+1 13
+32 13
-33 13
+1 30
+2 72
+2 72
-2 144
+20 140
+2 140
-12 59
+2 59
+14 59
+1 59
-29 118
+32 6
-28 4
+6 2
+2 2
-2 2
+1 2
-1 2
+1 2
-1 2
+2 6
+2 2
-3 2
+3 6
+2 4
+9 33

fn=(214) _dl_load_cache_lookup
403 20
+2 4
+3 6
+69 3
+5 2
205 2
482 4
+3 6
fi=(69) ./elf/../sysdeps/x86/dl-procinfo.h
39 4
+3 6
cfi=(32)
cfn=(94)
calls=2 +56 
* 50
* 8
fe=(67)
208 12
cfi=(11)
cfn=(28)
calls=2 387 
* 46
* 2
+12 2
-10 2
-2 2
+12 4
-7 10
+9 10
+1 2
-32 4
+36 2
-4 2
+4 4
-5 45
+1 9
-32 18
+36 9
-4 9
+4 18
+4 33
cfn=(222)
calls=11 357 
* 935
+1 22
346 9
+3 5
220 10
347 4
220 12
+2 20
+20 4
+3 4
+2 8
cfn=(222)
calls=2 357 
* 146
* 4
-7 4
-30 6
+1 2
fi=(256) ./elf/../sysdeps/x86/dl-isa-level.h
28 4
fe=(67)
210 4
fi=(256)
28 2
fe=(67)
210 2
+1 2
-1 6
+76 6
fi=(256)
28 6
fe=(67)
259 4
+10 6
+1 8
+16 2
fi=(68) ./elf/../sysdeps/generic/dl-cache.h
125 2
fe=(67)
286 6
+9 4
+3 4
+3 2
+1 6
+28 4
500 4
+12 4
cfi=(22)
cfn=(62)
calls=2 57 
* 70
+1 2
-1 2
+1 24
+1 2
-1 2
+1 2
-1 2
+1 2
cfi=(29)
cfn=(82)
calls=2 210 
* 30
* 2
+1 2
cfi=(44) ./string/./string/strdup.c
cfn=(138) strdup
calls=2 40 
* 198
+1 16
411 4
cfi=(52) ./elf/./elf/dl-misc.c
cfn=(216) _dl_sysdep_read_whole_file
calls=1 36 
* 103
* 1
+8 5
+1 8
+3 3
+1 1
-1 3
fi=(68)
194 1
+1 5
fe=(67)
431 1
+1 2

fn=(486)
525 1
+1 4
-1 1
+3 1
-3 1
+3 1
cfi=(140) ./misc/../sysdeps/unix/syscall-template.S
cfn=(488) munmap
calls=1 117 
* 6
+7 1
-6 1
+4 1
+2 1

fl=(55) ./io/../sysdeps/unix/sysv/linux/fstat64.c
fn=(178) fstat
30 4
+9 16
+33 4

fl=(24)
fn=(86)
42 10
+2 20

fn=(68)
53 3
+3 8
+5 1
-5 1
+5 1
+1 1
-6 1
+8 1

fn=(256)
68 2
fi=(257) ./elf/../include/list.h
-24 1
fe=(24)
+24 3
fi=(257)
-25 1
fe=(24)
+26 1
+3 1
fi=(257)
-29 1
+1 1
+1 1
+2 1
fe=(24)
+28 4
+1 2
+1 1
+5 2
+5 1
+6 1
-3 1
+3 1
-6 3
+6 1
+12 4
cfi=(11)
cfn=(28)
calls=1 387 
* 24
fi=(75) ./elf/../sysdeps/unix/sysv/linux/rseq-internal.h
-73 3
+8 1
fe=(24)
+81 3
+7 2
+1 3
fi=(75)
-95 7
+3 2
fe=(24)

fl=(15) ./elf/../sysdeps/x86/dl-get-cpu-features.c
fn=(34) _dl_x86_init_cpu_features
37 1
+2 3
+2 1
cfi=(16) ./elf/../sysdeps/x86/cpu-features.c
cfn=(36) init_cpu_features.constprop.0
calls=1 682 
* 7344

fn=(464) __x86_cpu_features
71 1
-32 3
+32 2

fl=(78) ./elf/./elf/dl-lookup.c
fn=(270) _dl_lookup_symbol_x
772 810
+3 135
-3 405
+3 135
-3 540
fi=(79) ./elf/../sysdeps/generic/dl-new-hash.h
74 135
+3 270
-8 135
+1 270
+10 135
+1 270
-1 835
+1 1670
+20 909
-2 909
+6 909
-3 1818
+2 909
-30 909
+3 1818
fe=(78)
774 135
+1 135
+3 135
-4 135
+1 135
+7 516
+5 135
-2 135
+2 135
-2 135
+6 1940
+1 1890
cfn=(274) do_lookup_x
calls=135 347 
* 55277
* 405
+28 135
-23 405
+23 135
-23 270
+24 734
+7 125
-7 125
+35 500
+34 500
-20 375
+3 250
-57 135
+76 1215
fi=(79)
87 61
+1 61
+1 122
+1 61
fe=(78)
871 2
-72 60
+18 30
+11 40

fn=(276) check_match
70 1980
+3 786
+13 129
-13 129
+13 129
-13 129
+13 387
+3 518
cfi=(32)
cfn=(94)
calls=65 +9 
* 3750
* 130
+4 129
+1 258
+2 254
+19 254
+1 1016
+2 8
+43 125
+1 1056
-18 4
+2 4
+1 2
-1 4
+1 6
-1 4
-68 8
+39 369
cfi=(32)
cfn=(94)
calls=123 -19 
* 3478
* 246
-44 12
+5 6

fn=(274)
347 1215
+1 135
-1 540
+6 135
-6 135
+65 135
-58 135
+11 135
+50 135
-3 270
+3 270
-50 135
+50 540
-19 1674
+8 558
-4 558
+1 558
+3 2232
+1 1116
+3 558
-3 558
+4 1116
+4 1116
-2 558
+5 2232
+3 3906
+99 1302
358 1118
+3 1118
+4 1126
+21 1116
+4 1116
+71 1000
fi=(4)
139 250
+1 375
fe=(78)
476 250
fi=(80) ./elf/../sysdeps/generic/dl-protected.h
29 500
fe=(78)
483 948
+16 250
+1 125
+22 125
-21 125
+21 875
-99 402
-1 268
+2 268
+2 131
+6 524
-6 131
+6 917
+7 462
-10 1395
+2 132
+1 396
-1 132
+1 264
-1 132
+1 132
+1 132
-1 132
+1 132
-1 924
cfn=(276)
calls=132 70 
* 15310
+4 396
+3 14
+31 48
+52 10
-1 10
+1 70
-35 39

fl=(140)
fn=(436) mprotect
117 25
+5 5

fn=(488)
117 5
+5 1

fl=(70) ./io/../sysdeps/unix/sysv/linux/pread64_nocancel.c
fn=(226) __pread64_nocancel
25 4
+1 8
+1 2

fl=(143)
fn=(446)
95 10
+1 10
+1 5
+6 25
+1 148
+1 102
+2 15
+5 5

fl=(147) ./elf/./elf/dl-lookup-direct.c
fn=(462) _dl_lookup_direct
74 30
+2 3
-2 6
+4 3
-4 3
+2 3
+2 9
+37 3
-37 9
+1 6
+2 12
+3 25
+2 6
-54 3
+54 3
-54 3
+54 3
-54 9
+1 9
+2 6
+1 6
+12 9
+3 3
+2 6
-2 3
+2 9
cfi=(32)
cfn=(94)
calls=3 +45 
* 209
* 6
+4 6
+1 3
-1 3
+1 18
+1 9
cfi=(32)
cfn=(94)
calls=3 +39 
* 198
* 6
+57 27
-23 6

fl=(65) ./io/../sysdeps/unix/sysv/linux/stat64.c
fn=(210) stat
28 6
+1 12
cfi=(66) ./io/../sysdeps/unix/sysv/linux/fstatat64.c
cfn=(212) fstatat
calls=3 146 
* 28

fl=(54) ./io/../sysdeps/unix/sysv/linux/read_nocancel.c
fn=(174) __read_nocancel
25 3
+1 12
+1 3

fl=(164) ./elf/./elf/dl-runtime.c
fn=(544) _dl_fixup
46 165
+2 75
+1 15
+6 15
fi=(258) ./elf/../sysdeps/x86_64/dl-runtime.h
-27 15
fe=(164)
+21 15
+5 15
+1 15
-6 15
+6 30
+1 15
+2 15
-2 15
+2 15
-2 75
+7 30
+4 30
+4 15
-2 15
+2 30
+4 45
+1 60
+1 45
+8 15
-1 15
+1 30
+10 150
cfi=(78)
cfn=(270)
calls=15 772 
* 10020
* 15
+4 75
+10 150
+15 60
+9 45
+26 45
fi=(6)
+75 15
fe=(164)
-71 120
fi=(187) ./elf/../sysdeps/x86_64/dl-irel.h
32 1
cob=(2)
cfi=(112) ./string/../sysdeps/x86_64/multiarch/strncmp.c
cfn=(352) strncmp
calls=1 +35 
* 21
fe=(164)
+93 2

fl=(58) ./misc/../sysdeps/unix/sysv/linux/setvmaname.c
fn=(184) __set_vma_name
33 2
+2 7
-2 4
+7 1
-7 2
+7 1
-7 2
+7 1
-7 1
+7 1
cfi=(11)
cfn=(28)
calls=1 387 
* 24
* 3
+7 1
+2 6

fl=(27)
fn=(74)
80 10
+4 10
-4 40
+7 10
+1 30
fi=(28)
-32 10
cfi=(27)
cfn=(78)
calls=10 -20 
* 407
fe=(27)

fn=(78)
36 232
+1 87
+11 84
+3 28
-3 28
+3 56
-3 2
+3 1
-3 1
+3 110
+19 29
+1 29
+2 174
-17 8
+1 4
+2 2
+1 14
cfi=(57)
cfn=(182)
calls=2 -13 
* 52
* 2
+2 4
+2 8
cfi=(58)
cfn=(184)
calls=2 -31 
* 56
+1 6
+2 2
+4 2
-4 4
-24 1
-1 1
+1 1
+1 2
-2 2

fn=(142) __minimal_free
97 1
+2 4

fl=(30)
fn=(132) fillin_rpath.isra.0
468 9
+4 1
-4 8
+6 3
cfi=(7)
cfn=(134) strsep
calls=1 239 
* 240
* 3
cfi=(7)
cfn=(134)
calls=1 239 
* 8
* 6
+7 2
+2 3
cfn=(136) expand_dynamic_string_token
calls=1 -98 
* 125
* 1
+4 2
+5 2
cfi=(22)
cfn=(62)
calls=1 57 
* 17
* 1
+1 2
+7 5
+9 15
+1 8
fi=(28)
50 2
cfi=(27)
cfn=(142)
calls=1 +47 
* 5
+1 1
fe=(30)
528 4
+4 4
fi=(28)
56 1
cfi=(27)
cfn=(78)
calls=1 -20 
* 30
* 1
fe=(30)
534 2
+5 1
+1 2
-1 1
-1 1
+2 1
cfi=(29)
cfn=(126)
calls=1 197 
* 13
+3 1
-3 1
+1 1
+2 1
+6 1
+1 1
-1 3
+1 5
+1 1
-1 1
+1 1
-1 3
+1 1
-1 2
+1 1
+2 2
+1 3
+1 1
+6 2
+1 1
+3 3
-60 2
-22 2
+88 1
+3 8
-24 2

fn=(208) open_path
1812 16
+1 2
-1 6
+1 2
+6 4
+5 34
+67 4
-74 2
+7 6
+57 2
-65 2
+65 2
+10 4
-64 4
+8 12
+7 4
-11 2
+12 2
-1 8
cfi=(29)
cfn=(126)
calls=2 197 
* 26
+1 20
+50 2
-2 4
-48 22
+3 12
+5 28
cfi=(29)
cfn=(126)
calls=4 197 
* 52
* 16
cfi=(29)
cfn=(126)
calls=4 197 
* 52
+3 8
+6 12
+3 28
cfn=(170) open_verify.constprop.0
calls=4 1572 
* 224
* 4
+2 12
+2 6
+93 18
-88 6
+1 21
+6 3
+2 6
-2 6
+2 3
cfi=(65)
cfn=(210)
calls=3 28 
* 46
* 3
+3 3
-3 6
+1 2
+9 8
+2 1
-2 2
+2 4
+44 16
+6 4
-2 2
+2 4
+3 6
1822 4
+2 4

fn=(176) _dl_map_object_from_fd
944 30
+15 3
-15 6
+15 3
-15 6
+15 6
+77 12
+10 6
+7 21
cfi=(26)
cfn=(72)
calls=3 59 
* 1204
* 3
+1 6
+11 3
+5 3
-4 3
-1 3
+2 3
+2 3
-2 3
+2 6
+1 9
+1 4
+19 4
-2 2
+2 22
-2 1
+2 37
+10 3
-10 3
+10 9
+27 3
-33 3
-3 3
+2 3
-1 3
+35 3
+9 3
-50 3
+41 3
+9 3
-36 3
+63 15
-62 124
+26 84
+8 24
+1 12
-1 12
+1 48
+1 12
-1 12
+1 12
+2 12
-2 12
+2 12
+2 12
-4 12
+1 12
+3 12
-4 12
+4 60
+2 24
+13 24
+1 45
+5 9
+1 81
-28 18
-35 27
+62 3
+1 27
-28 6
-35 75
+1 188
1213 3
1100 3
1213 6
1100 9
1218 21
+10 9
+1 3
-1 3
+1 3
-1 9
+1 9
-1 9
+1 9
-1 27
1066 6
1235 6
+10 12
+7 12
fi=(59) ./elf/./dl-map-segments.h
28 3
fe=(30)
1252 9
fi=(59)
28 6
+1 24
cfi=(57)
cfn=(182)
calls=3 +18 
* 84
+73 6
-1 3
-72 3
+73 3
+3 6
+1 3
+2 3
-3 3
+1 3
+2 3
+17 3
-44 3
fi=(60) ./elf/./dl-load.h
+10 24
fi=(59)
+58 48
+6 3
+2 3
-2 3
+1 3
+2 6
-1 6
+3 6
+5 6
+3 9
+8 18
cfi=(43)
cfn=(130)
calls=3 -44 
* 399
* 3
+6 6
+12 12
-59 72
+2 36
+2 72
cfi=(57)
cfn=(182)
calls=9 -92 
* 189
* 18
fe=(30)
1264 3
fi=(56) ./elf/../sysdeps/posix/dl-fileid.h
37 6
cfi=(55)
cfn=(178)
calls=3 -7 
* 18
* 6
fe=(30)
989 6
fi=(56)
40 9
fe=(30)
989 3
fi=(56)
40 3
fe=(30)
989 39
+1 18
fi=(56)
49 24
fe=(30)
1519 27
1074 13
+1 2
-1 1
+1 1
-1 1
+1 1
cfi=(70)
cfn=(226)
calls=1 25 
* 7
* 2
+46 2
+1 1
-15 6
+7 3
+2 3
-2 3
+1 3
+1 3
-1 6
+1 24
+60 6
+5 2
-1 4
+5 2
-5 4
-66 2
+71 8
+1 2
+3 2
-3 2
+8 8
+15 6
+1 3
1008 6
1268 12
+1 9
fi=(61) ./elf/./elf/get-dynamic-info.h
39 6
+6 3
-2 3
+11 3
+1 3
-10 6
+8 3
+15 3
-23 12
+23 71
-23 284
+4 148
+3 20
-1 40
+3 68
+1 56
+1 15
+16 12
+12 10
+1 12
+1 12
+1 12
+1 10
+1 11
+1 11
+1 12
+12 3
+7 3
-7 21
+7 7
+5 4
+7 4
+1 9
+6 9
+1 3
+17 9
+5 4
+2 4
+2 4
+2 4
+4 9
+2 6
+1 4
+9 4
+6 4
+4 6
fe=(30)
1275 6
+1 6
+2 6
+10 9
+19 9
+2 18
+52 9
+1 4
+6 27
+1 62
+6 12
cfn=(88)
calls=3 868 
* 218
-7 77
+1 37
+6 37
-6 74
fi=(31)
149 12
fe=(30)
1380 6
cfi=(62) ./io/../sysdeps/unix/sysv/linux/close_nocancel.c
cfn=(194) __GI___close_nocancel
calls=3 25 
* 18
* 6
+13 6
+2 12
+2 6
+16 6
cfi=(8)
cfn=(14)
calls=3 25 
* 81
+4 6
+1 6
+17 6
+1 1
+3 1
+5 1
-5 1
+5 1
-5 2
+5 2
-5 2
+5 2
+5 6
+12 24
+10 6
+1 8
+5 4
cfi=(46)
cfn=(224)
calls=2 125 
* 24
+7 9
cfi=(26)
cfn=(84)
calls=3 31 
* 165
+3 6
+4 6
cfi=(45)
cfn=(196)
calls=3 38 
* 21
* 3
+1 9
+22 21
+1 9
cfi=(48)
cfn=(198)
calls=3 77 
* 15
* 3
fi=(60)
92 8
+2 2
-1 2
+1 2
-1 2
+1 2
-1 2
+1 2
-1 4
+3 8
fi=(61)
-37 12
+3 12
+2 12
181 3
-22 2
fe=(30)
1510 6
1074 2
fi=(59)
186 8
cfi=(57)
cfn=(182)
calls=1 47 
* 21
+3 2
fe=(30)
1462 9
+2 2
-1 10
+1 2
-1 2
+1 2
-1 2
cfi=(32)
cfn=(94)
calls=2 98 
* 50
* 4
+2 5
1275 2

fn=(106)
706 11
+14 1
-14 2
+14 2
cfi=(37) ./elf/./elf/dl-hwcaps.c
cfn=(108) _dl_important_hwcaps
calls=1 172 
* 1244
fi=(28)
56 1
fe=(30)
720 1
fi=(28)
56 1
cfi=(27)
cfn=(78)
calls=1 -20 
* 30
fe=(30)
725 1
+2 3
+8 2
-1 3
+5 3
fi=(28)
56 1
cfi=(27)
cfn=(78)
calls=1 -20 
* 30
fe=(30)
739 1
+2 4
+7 1
+8 1
+2 1
+12 2
-23 1
+9 1
+11 1
-4 1
-5 1
+3 2
+7 2
+2 2
-11 1
+11 3
-8 1
+4 1
+1 3
+1 16
cfi=(43)
cfn=(130)
calls=4 132 
* 56
+2 15
-14 3
+10 3
+4 9
-12 3
-2 3
+2 3
+4 3
-3 3
+3 3
+1 3
-2 3
+5 9
+1 6
+3 1
+15 1
-8 1
+5 1
-6 1
+9 2
+2 4
+2 3
+36 5
+2 2
cfi=(22)
cfn=(62)
calls=1 57 
* 17
* 9
-19 1
-2 1
+2 2
+19 9
cfi=(29)
cfn=(82)
calls=1 210 
* 11
* 1
+5 4
-1 2
+2 1
+1 2
-2 4
+1 13
+1 26
-2 52
+5 1
fi=(28)
56 1
cfi=(27)
cfn=(78)
calls=1 -20 
* 30
fe=(30)
836 1
fi=(28)
56 1
fe=(30)
838 2
+6 6
cfn=(132)
calls=1 468 
* 581
+3 3
+6 1
+4 8
-35 2
+5 2

fn=(88)
868 4
+8 4
-8 8
+8 4
-6 4
+12 8
-13 4
+13 4
-13 4
+13 8
+3 12
+1 8
+1 8
+3 12
+1 12
+4 4
+1 8
+22 4
+2 4
-2 8
+2 12
-20 12
+1 6
+3 12
+3 6
+1 24
fi=(31)
95 24
+7 12
+16 6
-3 12
254 8
+1 4
+2 16
+3 4
-8 4
+5 2
-4 2
+4 6
+3 2
-2 2
fe=(30)

fn=(204) _dl_dst_count
238 8
+3 4
-3 20
+7 4
-7 8
+3 4
cfi=(41)
cfn=(118)
calls=4 32 
* 120
+3 8
+20 36

fn=(166)
1967 60
+8 10
+1 20
+3 97
+5 112
+2 48
cfi=(52)
cfn=(168) _dl_name_match_p
calls=16 68 
* 1579
* 32
+4 28
+1 42
+4 6
-1 30
+1 6
+1 6
-1 6
+1 12
cfi=(32)
cfn=(94)
calls=6 98 
* 150
* 12
2270 48
2011 9
-1 6
+9 3
-50 3
+50 6
+17 6
-2 3
+2 3
cfi=(41)
cfn=(118)
calls=3 32 
* 72
* 6
2202 2
-1 3
cfn=(136)
calls=1 385 
* 175
+6 1
-7 1
+1 1
+2 2
+4 7
cfn=(170)
calls=1 1572 
* 106
+3 2
-3 1
+3 1
+12 4
+45 1
+1 5
-1 1
+1 8
cfn=(176)
calls=1 944 
* 1940
-1 2
+1 10
-1 2
+1 16
cfn=(176)
calls=2 944 
* 4454
* 9
2040 4
cfi=(22)
cfn=(62)
calls=2 57 
* 34
* 4
+2 4
+7 8
+51 26
cfn=(208)
calls=2 1812 
* 824
+6 2
-6 2
+6 4
2222 8
+46 4
682 2
2107 2
682 4
2135 4
cfi=(67)
cfn=(214)
calls=2 403 
* 2136
* 2
+2 4
+4 4
+31 2
-23 4
+23 14
cfn=(170)
calls=2 1572 
* 243
+4 4
-4 2
+4 2
+1 2
+17 4
2074 10
682 2
2075 2
682 6
2099 4
+1 4
-47 2
+1 2
696 10
2058 6
682 2
2059 2
682 4
2073 10
+1 4
+41 2
+14 4
+2 6
-47 4

fn=(170)
1572 70
+32 7
-32 14
+32 14
+19 28
cfi=(53) ./io/../sysdeps/unix/sysv/linux/open64_nocancel.c
cfn=(172) __open_nocancel
calls=7 28 
* 152
* 7
+2 14
+8 3
+1 6
+5 3
-5 3
+5 15
cfi=(54)
cfn=(174)
calls=3 25 
* 18
+2 6
+2 6
+2 6
+6 6
+17 39
+81 6
+5 6
+6 12
+6 6
+6 3
+1 3
-1 9
+1 9
+26 63
-22 13
+1 2
-1 1
+1 1
cfi=(70)
cfn=(226)
calls=1 25 
* 7
* 2
1668 3
-59 8
1777 2

fn=(136)
385 18
241 4
385 2
241 2
cfi=(41)
cfn=(118)
calls=2 32 
* 72
+3 4
410 2
-11 2
+11 12
-11 2
cfi=(44)
cfn=(138)
calls=2 40 
* 180

fl=(44)
fn=(138)
40 24
+1 4
cfi=(22)
cfn=(62)
calls=4 +16 
* 122
* 4
fi=(259) ./string/../include/rtld-malloc.h
+15 8
cfi=(27)
cfn=(78)
calls=4 -20 
* 120
fe=(44)
-12 8
+3 12
+1 12
-1 4
cfi=(29)
cfn=(82)
calls=4 210 
* 60

fl=(53)
fn=(172)
28 16
+3 8
-3 16
+3 48
+8 56
+2 8
-2 12
+2 8

fl=(51) ./setjmp/../sysdeps/x86_64/setjmp.S
fn=(162) __sigsetjmp
31 5
+2 5
+9 5
+1 10
+1 5
+4 5
+1 5
+1 5
+1 5
+1 5
+2 10
+2 5
+1 5
+1 5
+2 10
+2 5
+8 5
+3 5
+1 5
+7 5
+1 5

fl=(148)
fn=(466)
27 1
+2 2
-2 1
+6 3
-6 3
+6 1
-6 2
+6 1
cfi=(147)
cfn=(462)
calls=1 +41 
* 225
+4 2
+2 3
+2 1
-1 1
-1 1
+2 2
-1 1
cob=(2)
cfi=(149) ./elf/./elf/libc_early_init.c
cfn=(468) __libc_early_init
calls=1 -7 
* 353

fl=(156) ./elf/./elf/dl-init.c
fn=(500) call_init.part.0
26 60
+17 5
+3 5
-3 10
+3 10
+5 8
+8 12
+1 12
cob=(3)
cfi=(154)
cfn=(522) 0x0000000004857000
calls=1 -60 
* 7
cob=(3)
cfi=(154)
cfn=(502) 0x000000000483d000
calls=1 -60 
* 7
+3 4
+1 8
+6 6
+2 6
-2 3
+3 21
+1 12
cob=(5) /usr/lib/x86_64-linux-gnu/libgomp.so.1.0.0
cfi=(162) ???
cfn=(908) 0x000000000000e3a0
calls=1 -74 
* 39
cob=(5)
cfi=(162)
cfn=(532) 0x000000000000cc30
calls=1 -74 
* 18213
cob=(2)
cfi=(161) ./libio/./libio/vtables.c
cfn=(520) check_stdfiles_vtables
calls=1 545 
* 12
* 12
cob=(5)
cfi=(162)
cfn=(526) 0x000000000000e480
calls=1 -74 
* 12
cob=(2)
cfi=(158) ./csu/./csu/init-first.c
cfn=(512) _init_first
calls=1 -28 
* 72
cob=(4)
cfi=(157)
cfn=(506)
calls=1 -74 
* 12
-1 18
+3 40
-29 2

fn=(498) _dl_init
81 13
+1 1
+1 1
+3 3
+8 2
+25 1
+1 8
+1 10
-92 10
+6 15
+2 22
+83 8
cfn=(500)
calls=4 -94 
* 18551
* 8
+7 8
-98 2
+60 2
-54 3
+2 7
cfn=(500)
calls=1 -11 
* 77
* 2

fl=(50)
fn=(236)
186 2
58 1
186 4
+2 1
-2 1
58 1
+1 1
+11 1
192 1
+2 1
cfi=(2)
cfn=(238)
calls=1 674 
* 8655
69 2
+1 1
198 1
-1 1
+1 3

fn=(160) _dl_catch_exception
204 30
58 5
204 10
+3 10
+22 5
-1 5
+1 5
58 10
235 15
cfi=(51)
cfn=(162)
calls=5 31 
* 120
* 15
+2 15
cfi=(64)
cfn=(206) openaux
calls=4 61 
* 10065
cfi=(2)
cfn=(164)
calls=1 641 
* 2662
69 5
+1 5
-1 5
+1 5
239 20
-25 5
+34 15
59 10
+11 15

fn=(158)
254 6
+2 1
-2 6
+2 1
cfn=(160)
calls=1 -52 
* 2728
+1 2
+1 1
+1 1
-1 1
+1 1
+2 6

fl=(146)
fn=(460)
30 2
+10 3
-10 3
+10 1
-10 1
+10 1
-10 1
+7 1
+3 2
cfi=(147)
cfn=(462)
calls=1 +34 
* 233
+4 2
+1 8
+2 3
-2 1
+2 3
cfi=(147)
cfn=(462)
calls=1 +27 
* 223
+4 2
+1 7
+1 6

fl=(42) ./string/../sysdeps/x86_64/multiarch/../multiarch/memcmp-sse2.S
fn=(122) bcmp
59 1
+12 1
+1 1
+22 1
+1 1
+45 1
+1 1
+2 1
+1 1
+2 1
+1 1
+2 1
+1 1
+47 1
+1 1
+1 1
+1 1
+1 1
+1 1

fl=(43)
fn=(130)
132 71
+1 355
+5 71
+1 71
+3 66
+1 66
244 66
+1 66
+12 66
+3 66
+1 66
+12 66
+1 66
+13 66
+1 66
+2 66
+3 34
+3 68
+3 34
+1 34
+1 34
+1 34
+1 34
+1 34
+1 34
-6 45
+1 45
+1 45
+1 45
+1 45
+1 45
+1 45
+3 66
+1 66
+1 66
+1 66
+5 66
+34 5
+2 5
+1 5
+39 5
+1 5
+2 5

fl=(29)
fn=(82)
210 21
+1 21
+6 21
+1 21
+2 13
+1 13
+1 13
+2 6
+1 6
+1 6
+2 6
+80 8
+1 8
+2 1
+4 1
+1 1
+1 1
+1 1
+1 1
+4 1
+2 1
+39 7
+1 7
+1 7
+1 7
+1 7
+7 7
+1 7
+1 7
+1 7
+1 7
+1 7
+1 7
+11 7
+1 7
+2 7
+1 7
+1 7

fn=(126)
197 80
+1 80
+1 80
+1 80
+17 80
+1 80
+2 37
+1 37
+1 37
+2 35
+1 35
+1 35
+2 35
+80 43
+1 43
+2 34
+4 34
+1 34
+1 34
+8 34
+39 9
+1 9
+1 9
+1 9
+1 9
+7 2
+1 2
+1 2
+1 2
+1 2
+1 2
+1 2
+11 2
+1 2
+2 2
+1 2
+1 2

fl=(1) ???
fn=(0) 0x000000000001f540
0 2
cfi=(2)
cfn=(2)
calls=1 517 
0 164743
0 8
cfi=(76)
cfn=(494)
calls=1 331 
0 4
0 10
cfi=(156)
cfn=(498)
calls=1 81 
0 18754
0 3
cob=(6)
cfi=(195)
cfn=(916)
calls=1 0 
0 350121938

fl=(49)
fn=(156)
32 6
+1 3
+1 2
+5 6
+1 4
+1 4
+1 4
+2 1
+3 3
+1 2
-1 6
+1 4
+3 4
+1 4
+1 4
+1 4
+2 3
+6 1
-1 1
+1 1
+2 2
-1 2
+2 1
+2 6
-5 12
-1 12
+1 12
+2 24
-1 24
+2 12
+2 72
+2 1
+1 4
+1 3

fl=(52)
fn=(168)
68 224
+1 64
cfi=(32)
cfn=(94)
calls=32 +29 
* 944
* 64
+3 32
+2 64
+6 32
-6 64
+1 114
cfi=(32)
cfn=(94)
calls=38 +23 
* 1146
* 76
+8 6
-13 6
+13 44
-1 26
+1 78

fn=(216)
36 2
+3 1
-3 7
+3 1
-3 2
+3 1
cfi=(53)
cfn=(172)
calls=1 -11 
* 20
+1 2
+23 8
-21 4
cfi=(55)
cfn=(178)
calls=1 -12 
* 6
* 2
+2 2
+3 2
+13 2
cfi=(62)
cfn=(194)
calls=1 -35 
* 6
* 1
-11 6
cfi=(57)
cfn=(182)
calls=1 -2 
* 26
* 2

fl=(73)
fn=(240)
392 7
+4 5
-2 1
+4 30
cfn=(242) _dl_check_map_versions
calls=5 155 
* 8555
-2 5
+2 15
-1 5
-1 10
+5 7

fn=(242)
155 50
+15 15
+2 25
+2 5
+1 5
+2 10
+3 6
-16 6
+20 3
-4 3
-24 3
+28 21
+16 6
36 3
200 3
36 21
200 2
36 1
200 1
36 7
+1 12
-1 24
+2 48
cfi=(52)
cfn=(168)
calls=16 +30 
* 1405
* 36
208 12
+5 4
fi=(260) ./elf/../sysdeps/generic/_itoa.h
76 12
fe=(73)
213 8
+4 8
+1 8
-1 8
+4 4
-3 4
+3 4
-3 12
-1 28
+1 28
-1 28
+4 14
-3 14
+3 14
-3 67
56 72
+8 54
+6 54
+16 18
+1 36
+2 18
+5 126
+14 504
+12 702
+4 234
-30 468
231 72
+3 54
+5 14
-24 14
110 18
+3 90
cfi=(32)
cfn=(94)
calls=18 -15 
* 720
* 54
224 54
+4 8
+15 12
+5 1
-50 1
+59 15
+3 6
+3 21
+3 12
+4 3
-7 12
+3 9
+4 79
-7 316
+3 240
+8 9
+6 8
fi=(28)
44 4
fe=(73)
280 8
fi=(28)
44 4
cfi=(27)
cfn=(74)
calls=4 +36 
* 164
fe=(73)
281 8
-2 4
fi=(28)
44 4
fe=(73)
281 4
+13 4
-3 4
+3 16
+2 8
+3 12
+4 12
+7 18
+1 18
-1 54
+1 18
+1 18
-2 18
+2 36
+1 54
+3 54
+5 14
-15 14
+2 14
-2 14
+2 14
-2 14
+2 28
-2 4
+2 4
-2 4
+2 4
-2 4
+2 8
+16 12
+5 1
-28 1
+33 6
+3 6
+4 82
+6 82
+1 82
+1 82
-1 246
+1 82
-1 82
+1 82
+1 82
+3 246
+4 82
-14 170
+10 9
+12 6
+1 6
+1 6
+1 2
+19 45
164 2
-8 2
257 5
+17 3
+60 2
-40 2
+76 4
+2 4
+4 2
-4 120
+1 60
+2 1
+1 2
-1 1
+1 1
cfi=(32)
cfn=(244) strncmp
calls=1 98 
* 32
* 2

fl=(7)
fn=(12)
42 1
+1 2
+1 2
+1 2
+1 2
+1 1

fn=(134)
239 2
+3 4
+2 2
+1 4
+4 3
-2 2
+4 28
+5 84
-2 56
+13 1
+4 4
-22 14
+15 14
-15 30

fn=(456) lookup_malloc_symbol
61 8
+3 4
-3 12
+3 4
-3 12
+3 4
-3 4
+2 4
+1 16
cfi=(78)
cfn=(270)
calls=4 772 
* 2368
+4 28
+1 28
+2 4
fi=(145) ./elf/./dl-sym-post.h
-30 8
+12 12
fe=(7)
+19 24

fn=(452)
76 2
+10 1
fi=(144) ./elf/../sysdeps/generic/dl-hash.h
-41 1
-1 1
fe=(7)
+32 8
+11 1
-1 1
fi=(144)
-43 1
+5 3
+14 4
-17 3
+3 15
+14 20
-17 15
fe=(7)
+46 2
fi=(144)
-24 1
fe=(7)
+22 1
+2 2
fi=(144)
-19 1
fe=(7)
+19 1
cfn=(456)
calls=1 -30 
* 617
+1 3
-1 1
+1 1
cfn=(456)
calls=1 -31 
* 606
+1 3
-1 1
+1 1
cfn=(456)
calls=1 -32 
* 691
+1 3
-1 1
+1 1
cfn=(456)
calls=1 -33 
* 626
+5 1
+1 1
+1 1
+1 1
+1 8

fl=(37)
fn=(108)
172 6
+3 1
-3 3
+3 1
-3 5
+2 1
cfi=(38)
cfn=(110)
calls=1 29 
* 49
+1 1
fi=(40) ./elf/./dl-hwcaps.h
43 1
fe=(37)
174 1
fi=(40)
45 2
+32 1
+1 1
+1 1
fe=(37)
-27 2
cfi=(39)
cfn=(114)
calls=1 -1 
* 23
* 2
fi=(40)
-9 1
+2 1
-2 1
+34 2
+1 2
+1 1
fe=(37)
-24 2
-1 2
+1 2
+1 2
+1 2
-5 4
cfi=(39)
cfn=(114)
calls=2 -1 
* 130
* 2
cfi=(39)
cfn=(114)
calls=1 -1 
* 125
* 6
+48 4
fi=(28)
-44 2
cfi=(27)
cfn=(78)
calls=1 -20 
* 30
fe=(37)
+46 2
-2 1
+2 1
+3 1
+3 1
fi=(40)
-65 1
+2 1
fe=(37)
+67 1
fi=(40)
-66 1
fe=(37)
+66 2
cfi=(39)
cfn=(120)
calls=1 -87 
* 13
* 2
fi=(40)
-69 1
+2 1
-2 1
+34 2
+1 2
+1 1
fe=(37)
+48 10
+1 4
+1 2
+1 2
-1 2
-4 4
cfi=(39)
cfn=(114)
calls=2 -74 
* 130
* 2
cfi=(39)
cfn=(114)
calls=1 -74 
* 125
* 6
+8 3
+9 5
+3 8
-2 6
+14 1
+4 1
+1 1
+1 1
-20 3
+19 1
+1 1
-20 2
+8 2
+4 2
-4 3
+4 2
cfi=(42)
cfn=(122)
calls=1 -96 
* 19
+1 3
-14 8
+47 1
-4 2
+4 2
-3 1
+7 1
-7 2
+7 1
fi=(28)
56 1
cfi=(27)
cfn=(78)
calls=1 -20 
* 30
* 1
fe=(37)
194 2
+8 1
fi=(40)
43 1
fe=(37)
201 1
80 1
fi=(40)
-35 1
fe=(37)
+35 1
202 1
fi=(40)
77 1
+1 1
fe=(37)
202 3
fi=(40)
79 1
fe=(37)
-2 2
cfi=(39)
cfn=(114)
calls=1 -26 
* 23
* 2
fi=(40)
-34 1
+2 1
fe=(37)
+35 2
fi=(40)
-37 1
+34 2
+1 2
+1 3
fe=(37)
+1 4
+7 2
-7 8
cfi=(29)
cfn=(126)
calls=2 197 
* 26
+4 2
+2 2
+2 2
-2 4
-9 4
cfi=(39)
cfn=(114)
calls=2 -26 
* 130
* 2
cfi=(39)
cfn=(114)
calls=1 -26 
* 125
* 6
213 2
-5 1
+1 1
-1 1
+5 1
+3 9

fl=(64)
fn=(206)
61 24
+7 4
-4 12
+1 4
-1 28
cfi=(30)
cfn=(166)
calls=4 1967 
* 9977
* 4
+5 12

fn=(202)
143 4
+1 2
-1 1
+1 1
-1 2
+1 1
-1 1
+1 1
-1 4
+1 3
-1 1
+1 7
-8 1
+8 2
-8 1
-6 1
-2 1
+16 1
-8 1
-7 1
+1 1
+6 1
+24 4
-28 3
-2 1
+31 1
-33 2
+2 2
+30 2
-30 1
-1 4
+7 4
+24 3
+28 3
-6 1
+46 1
fi=(72) ./elf/../include/scratch_buffer.h
77 1
fe=(64)
+87 1
fi=(72)
-87 1
+1 1
fe=(64)
184 1
+44 4
-31 1
-4 1
+4 6
-4 4
+4 8
+11 14
-18 2
+18 4
417 10
+2 3
+3 3
-3 9
+3 3
-3 3
fi=(28)
56 3
cfi=(27)
cfn=(78)
calls=3 -20 
* 90
fe=(64)
423 9
fi=(28)
56 3
fe=(64)
423 3
+6 3
+1 15
cfi=(29)
cfn=(82)
calls=3 210 
* 33
+1 15
cfi=(29)
cfn=(82)
calls=3 210 
* 33
+3 3
+1 6
+4 15
188 8
442 12
-1 5
+1 10
183 6
+27 12
+7 3
+4 3
-6 3
+1 3
+1 3
+1 6
+3 9
-2 3
-29 15
+32 168
+6 16
cfi=(30)
cfn=(204)
calls=4 +10 
* 212
* 12
+4 8
-2 4
+2 8
cfi=(50)
cfn=(160)
calls=4 -28 
* 10329
+1 8
+9 4
+2 8
+5 15
+6 3
+2 3
-8 6
+3 3
+1 3
+1 3
+1 3
+4 3
-3 3
+3 9
+4 12
+1 6
-43 345
+7 8
+38 240
fi=(72)
85 3
fe=(64)
448 5
+1 1
+3 4
+11 5
fi=(28)
56 1
cfi=(27)
cfn=(78)
calls=1 -20 
* 30
fe=(64)
465 3
fi=(28)
56 1
fe=(64)
465 1
+5 2
+1 1
-1 3
+4 3
-2 2
+13 4
+5 4
-16 12
+11 4
-7 4
+7 4
-2 8
-5 1
+7 1
-2 2
+2 1
-11 1
+11 1
+5 1
-16 3
+21 3
+37 2
+15 2
-14 2
+20 1
-1 4
+1 4
-1 5
cfi=(13)
cfn=(232)
calls=1 298 
* 343
+5 1
+2 1
+1 1
+1 2
-2 1
+2 1
+7 3
+3 2
+3 8
198 32
+3 3
fi=(72)
-70 12
cfi=(71) ./malloc/./malloc/scratch_buffer_set_array_size.c
cfn=(228) __libc_scratch_buffer_set_array_size
calls=3 30 
* 75
fe=(64)
+70 9
+4 6
547 4
cfi=(29)
cfn=(82)
calls=1 210 
* 19
* 3
-53 2
144 2

fl=(32)
fn=(94)
98 293
+33 293
+1 293
+2 293
+1 293
+21 293
+1 293
+1 243
+1 243
+1 222
+1 222
+1 222
+1 222
+17 222
+1 222
+1 222
+1 222
+1 222
+1 222
+1 222
+5 20
+1 60
+9 20
+1 20
+1 20
+1 20
+1 20
+1 20
+1 20
+1 20
-7 71
+1 71
+1 71
+1 71
+1 71
+1 71
+1 71
+1 71
+1 79
+1 35
+1 35
+1 35
+2 35
+1 35
+1 35
+1 35
+1 35
+1 35
-5 44
+1 44
+1 44
+1 44
+1 44
+1 44
+10 12
+1 12
+1 12
+2 12
+6 12
+1 12
+1 12
+1 12
+1 12
+5 12
+2 6
+1 6
+1 12
+8 6
+1 6
+3 6
+1 6
+1 6
+1 6
+1 6
+1 6
+6 1
+1 1
+1 1
+3 1
+1 1
+1 1
+1 1
+1 1
+1 1
+15 6
+1 6
+1 6
+1 6
+1 6
+2 6
+1 6
+1 6
+1 6
+1 6
+1 6
+1 6
+1 6
+3 6
+1 6
+1 6
+6 6
+1 6
+1 12
+4 6
+1 6
+3 6
+1 6
+1 6
+2 6
+1 6
+1 6
+4 6
+1 6
+1 6
+1 6
+1 6
+1 6
661 1
+1 1
+1 1
+1 1
+1 1
+2 1
+1 1
+1 1
+1 1
+1 1
+1 1
+1 1
780 1
+1 1
+1 1
+1 1
+1 1
+2 1
+1 1
+1 1
+1 1
+1 1
+1 1
+1 1
899 4
+1 4
+1 4
+1 4
+1 4
+2 4
+1 4
+1 4
+1 4
+1 4
+1 4
+1 4
+1 3
+4 3
+1 3
+1 3
+6 3
+1 3
+1 6
+4 3
+1 3
+3 3
+1 3
+1 3
+2 3
+1 3
+1 3
+4 3
+1 3
+1 3
+1 3
+1 3
+1 3
+7 1
+1 1
+2 1
+1 1
+2 1
+1 1
+1 1
+2 1
+1 1
+1 1
+4 1
+1 1
+1 1
+1 1
+1 1
+1 1
+41 4
+1 4
+1 4
+1 4
+1 4
+2 4
+1 4
+1 4
+1 4
+1 4
+1 4
+1 4
+1 3
+4 3
+1 3
+1 3
+6 3
+1 3
+1 6
+4 3
+1 3
+3 3
+1 3
+1 3
+2 3
+1 3
+1 3
+4 3
+1 3
+1 3
+1 3
+1 3
+1 3
+69 8
+1 8
+1 8
+1 8
+1 8
+2 8
+1 8
+1 8
+1 8
+1 8
+1 8
+1 8
+1 1
+4 1
+1 1
+1 1
+6 1
+1 1
+1 2
+4 1
+1 1
+3 1
+1 1
+1 1
+2 1
+1 1
+1 1
+4 1
+1 1
+1 1
+1 1
+1 1
+1 1
+69 6
+1 6
+1 6
+1 6
+1 6
+2 6
+1 6
+1 6
+1 6
+1 6
+1 6
+1 6
1375 3
+1 3
+1 3
+1 3
+1 3
+2 3
+1 3
+1 3
+1 3
+1 3
+1 3
+1 3
+1 2
+4 2
+1 2
+1 2
+6 2
+1 2
+1 4
+4 2
+1 2
+3 2
+1 2
+1 2
+2 2
+1 2
+1 2
+4 2
+1 2
+1 2
+1 2
+1 2
+1 2
+69 15
+1 15
+1 15
+1 15
+1 15
+2 15
+1 15
+1 15
+1 15
+1 15
+1 15
+1 15
+1 11
+4 11
+1 11
+1 11
+6 11
+1 11
+1 22
+4 11
+1 11
+3 11
+1 11
+1 11
+2 11
+1 11
+1 11
+4 11
+1 11
+1 11
+1 11
+1 11
+1 11
+69 8
+1 8
+1 8
+1 8
+1 8
+2 8
+1 8
+1 8
+1 8
+1 8
+1 8
+1 8
+1 7
+4 7
+1 7
+1 7
+6 7
+1 7
+1 14
+4 7
+1 7
+3 7
+1 7
+1 7
+2 7
+1 7
+1 7
+4 7
+1 7
+1 7
+1 7
+1 7
+1 7
+7 1
+1 1
+2 1
+1 1
+2 1
+1 1
+1 1
+2 1
+1 1
+1 1
+4 1
+1 1
+1 1
+1 1
+1 1
+1 1
+41 9
+1 9
+1 9
+1 9
+1 9
+2 9
+1 9
+1 9
+1 9
+1 9
+1 9
+1 9
+1 8
+4 8
+1 8
+1 8
+6 8
+1 8
+1 16
+4 8
+1 8
+3 8
+1 8
+1 8
+2 8
+1 8
+1 8
+4 8
+1 8
+1 8
+1 8
+1 8
+1 8
+7 1
+1 1
+2 1
+1 1
+2 1
+1 1
+1 1
+2 1
+1 1
+1 1
+4 1
+1 1
+1 1
+1 1
+1 1
+1 1
+41 7
+1 7
+1 7
+1 7
+1 7
+2 7
+1 7
+1 7
+1 7
+1 7
+1 7
+1 7
+1 5
+4 5
+1 5
+1 5
+6 5
+1 5
+1 10
+4 5
+1 5
+3 5
+1 5
+1 5
+2 5
+1 5
+1 5
+4 5
+1 5
+1 5
+1 5
+1 5
+1 5
+69 7
+1 7
+1 7
+1 7
+1 7
+2 7
+1 7
+1 7
+1 7
+1 7
+1 7
+1 7
+2 5
+4 5
+1 5
+1 5
+6 5
+1 5
+2 10
+4 5
+1 5
+3 5
+1 5
+1 5
+2 5
+1 5
+1 5
+4 5
+1 5
+1 5
+1 5
+1 5
+1 5
+71 57
+2 57
+1 57
+1 57
+1 57
-3 34
+1 34
+1 34
+1 34
+1 70
+5 35
+6 35
+1 35
+8 35
+1 35
-16 258
+6 258
+1 258
+8 258
+1 258

fn=(244)
98 1
+27 1
+1 1
+1 1
+1 1
+1 1
+2 1
+1 1
+2 1
+1 1
+21 1
+1 1
+1 1
+1 1
+1 1
+1 1
+1 1
+1 1
+17 1
+1 1
+1 1
+1 1
+1 1
+1 1
+1 1
2104 1
+3 1
+1 1
+2 1
+1 1
+8 1
+1 1

fl=(45)
fn=(196)
38 4
+3 4
-1 8
+4 8
+4 4

fn=(144)
56 3
+3 2
+4 1
+22 1
+10 1
-32 2
+1 1
+21 2
+5 2
+1 1
+4 1
-4 1
-1 1
+2 1
+3 1
+4 2
+8 2
-50 1
+4 2
+35 6

fn=(150)
116 2
+1 2

fl=(26)
fn=(72)
59 60
+3 8
+18 6
+3 3
cfi=(22)
cfn=(62)
calls=3 -26 
* 69
+4 3
-4 3
+4 3
+5 3
-9 9
fi=(28)
-39 6
cfi=(27)
cfn=(74)
calls=3 +36 
* 224
fe=(26)
+39 1
fi=(28)
-39 2
cfi=(27)
cfn=(74)
calls=1 +36 
* 47
* 4
fe=(26)
+51 8
+5 4
+4 4
-6 4
+2 4
+4 4
-5 4
+4 4
+1 4
-1 4
+1 8
cfi=(29)
cfn=(82)
calls=4 210 
* 55
* 4
+15 4
-15 4
+2 4
+13 8
+6 1
+2 7
+3 2
-3 21
+3 6
+2 4
+4 4
+3 12
+2 12
-2 8
+2 8
-2 16
+16 8
-5 4
+5 4
-6 4
+6 4
-6 4
+6 8
+2 6
+3 6
-3 6
+7 12
+4 9
+8 1
+13 1
-10 2
+10 6
-10 6
+10 9
+2 3
cfi=(22)
cfn=(62)
calls=3 57 
* 105
+21 3
-21 9
+17 3
-13 9
+50 9
cfi=(29)
cfn=(126)
calls=3 -48 
* 55
* 3
+5 6
+1 6
-1 106
+1 106
+4 6
+1 3
+3 3
+4 36
131 8
-8 3
-4 6
+34 1
+7 4
+8 12
fi=(28)
56 6
cfi=(27)
cfn=(78)
calls=3 -20 
* 90
* 3
fe=(26)
200 6
-1 6
64 2
+2 3
+1 2
+4 6
+6 2

fn=(84)
31 16
+2 4
-2 8
+2 4
-2 12
+2 4
cfi=(24)
cfn=(86)
calls=4 +9 
* 12
+2 35
+3 36
+2 3
+2 3
+4 3
+4 3
-4 6
+1 6
+1 6
+3 15
-1 3
cfi=(24)
cfn=(86)
calls=3 -8 
* 9
-4 1
+4 1
-4 2
+1 2
+1 2
+3 5
-1 1
cfi=(24)
cfn=(86)
calls=1 -8 
* 3
-5 2

fl=(62)
fn=(194)
25 4
+1 16
+1 4

fl=(66)
fn=(212)
146 6
-55 6
+70 7
+1 1
-2 4
+1 4

fl=(77)
fn=(262)
207 66
+1 12
+12 5
+4 20
-4 5
+6 15
+3 5
-1 5
+1 10
+22 25
+4 6
+7 9
fi=(6)
81 14
+6 4
+4 3
+17 1
-11 1
+11 2
+21 2
+5 4
-2 2
fi=(4)
-53 1
fe=(77)
301 2
fi=(4)
79 2
fe=(77)
301 2
fi=(4)
79 4
fe=(77)
301 8
fi=(4)
79 8
fe=(77)
301 9836
fi=(4)
79 1
fe=(77)
301 1
fi=(4)
79 2
fe=(77)
301 202
-80 10
fi=(6)
393 10
fe=(77)
190 5
+31 5
-31 5
fi=(6)
393 15
fi=(5)
49 5
fe=(77)
301 5
fi=(5)
50 5
+30 5
-31 10
+4 5
-3 5
+3 5
-3 5
+3 15
+27 10
-31 5
fe=(77)
301 5
fi=(5)
50 5
+30 5
-31 10
+4 5
-3 5
+3 5
-3 5
+3 15
+27 10
-7 1
-1 1
+11 8
fi=(6)
514 232
+4 232
+3 348
+1 116
fi=(5)
83 348
+2 464
+11 6
fe=(77)
301 30
fi=(5)
51 5
fi=(4)
+28 25
fi=(6)
730 10
+4 6
fe=(77)
304 25
+24 5
+3 10
+17 15
+2 48
-98 10
+3 4
+7 2
-9 2
+9 4
fi=(6)
81 4
fi=(5)
+33 27
+9 17
+1 3
fi=(6)
498 3
fi=(5)
124 3
fi=(6)
498 6
fi=(5)
124 92
fi=(6)
498 92
fi=(5)
124 92
fi=(6)
498 184
+5 190
+1 95
fi=(5)
123 95
fi=(6)
504 95
-5 95
fi=(5)
123 190
+3 27
+3 28
+2 25
fe=(77)
+59 8
fi=(5)
73 4
fe=(77)
190 4
fi=(5)
72 4
fe=(77)
190 36
fi=(5)
-57 8
+1 4
+1 4
-2 4
+2 4
+3 4
-5 4
+2 4
-2 4
+1 8
+2 4
-2 4
+2 12
+2 8
-5 356
+1 178
+1 178
-2 178
+2 178
+3 178
-5 178
+2 178
-2 178
+1 356
+2 178
-2 178
+2 534
+2 356
+9 135
fi=(6)
267 270
+7 270
+4 270
fe=(77)
170 540
fi=(4)
-30 351
fe=(77)
+31 234
+3 234
+8 220
-8 981
+12 216
-3 108
+1 108
+2 436
-3 2
+1 2
+2 118
+1 110
-1 110
+2 220
-1 440
+3 660
cfi=(78)
cfn=(270)
calls=110 772 
* 64895
+3 110
+1 220
-4 110
+4 550
fi=(6)
+93 462
+3 111
-3 351
+3 129
-3 129
+5 260
+25 810
423 24
fi=(5)
150 24
fi=(6)
423 214
fi=(5)
150 362
-19 740
+33 16
+1 64
+1 189
+3 94
+4 47
-1 47
-3 47
+2 94
+2 47
-2 94
fe=(77)
-1 188
fi=(6)
287 47
+3 47
-3 47
+4 94
476 94
+2 47
cfi=(15)
cfn=(464)
calls=1 71 
* 6
cob=(2)
cfi=(139) ./string/../sysdeps/x86_64/multiarch/strncase.c
cfn=(432) strncasecmp
calls=1 31 
* 21
cob=(2)
cfi=(138) ./string/../sysdeps/x86_64/multiarch/mempcpy.c
cfn=(428) mempcpy
calls=1 33 
* 22
cob=(2)
cfi=(137) ./wcsmbs/../sysdeps/x86_64/multiarch/wcpcpy.c
cfn=(424) wcpncpy
calls=1 31 
* 18
cob=(2)
cfi=(136) ./string/../sysdeps/x86_64/multiarch/strspn.c
cfn=(422) strspn
calls=1 29 
* 7
cob=(2)
cfi=(134) ./string/../sysdeps/x86_64/multiarch/memchr.c
cfn=(418) memchr
calls=1 29 
* 23
cob=(2)
cfi=(133) ./string/../sysdeps/x86_64/multiarch/memmove.c
cfn=(414) memmove
calls=1 29 
* 22
cob=(2)
cfi=(132) ./string/../sysdeps/x86_64/multiarch/stpcpy.c
cfn=(410) stpcpy
calls=1 33 
* 17
cob=(2)
cfi=(131) ./debug/../sysdeps/x86_64/multiarch/memmove_chk.c
cfn=(406) __memmove_chk
calls=1 29 
* 22
cob=(2)
cfi=(129) ./wcsmbs/../sysdeps/x86_64/multiarch/wmemcmp.c
cfn=(402) wmemcmp
calls=1 29 
* 24
cob=(2)
cfi=(128) ./string/../sysdeps/x86_64/multiarch/strncpy.c
cfn=(398) strncpy
calls=1 29 
* 19
cob=(2)
cfi=(127) ./string/../sysdeps/x86_64/multiarch/strlen.c
cfn=(394) strlen
calls=1 29 
* 25
cob=(2)
cfi=(100) ./wcsmbs/../sysdeps/x86_64/multiarch/wcscat.c
cfn=(390) wcscat
calls=1 31 
* 18
cob=(2)
cfi=(126) ./string/../sysdeps/x86_64/multiarch/strcasecmp_l.c
cfn=(386) strcasecmp_l
calls=1 31 
* 21
cob=(2)
cfi=(125) ./string/../sysdeps/x86_64/multiarch/strcpy.c
cfn=(382) strcpy
calls=1 29 
* 17
cob=(2)
cfi=(123) ./wcsmbs/../sysdeps/x86_64/multiarch/wmemset.c
cfn=(378) wmemset
calls=2 31 
* 20
cob=(2)
cfi=(121) ./string/../sysdeps/x86_64/multiarch/memcmp.c
cfn=(374) bcmp
calls=1 29 
* 24
cob=(2)
cfi=(120) ./string/../sysdeps/x86_64/multiarch/strchrnul.c
cfn=(370) strchrnul
calls=1 31 
* 25
cob=(2)
cfi=(119) ./string/../sysdeps/x86_64/multiarch/strncase_l.c
cfn=(366) strncasecmp_l
calls=1 31 
* 21
cob=(2)
cfi=(117) ./string/../sysdeps/x86_64/multiarch/strcat.c
cfn=(362) strcat
calls=1 29 
* 17
cob=(2)
cfi=(116) ./wcsmbs/../sysdeps/x86_64/multiarch/wcscpy.c
cfn=(360) wcscpy
calls=1 60 
* 16
cob=(2)
cfi=(115) ./string/../sysdeps/x86_64/multiarch/strcspn.c
cfn=(358) strcspn
calls=1 29 
* 7
cob=(2)
cfi=(113) ./string/../sysdeps/x86_64/multiarch/strcasecmp.c
cfn=(354) strcasecmp
calls=1 31 
* 21
cob=(2)
cfi=(112)
cfn=(352)
calls=1 67 
* 21
cob=(2)
cfi=(110) ./wcsmbs/../sysdeps/x86_64/multiarch/wmemchr.c
cfn=(348) wmemchr
calls=2 31 
* 46
cob=(2)
cfi=(108) ./string/../sysdeps/x86_64/multiarch/stpncpy.c
cfn=(344) stpncpy
calls=1 31 
* 19
cob=(2)
cfi=(107) ./wcsmbs/../sysdeps/x86_64/multiarch/wcscmp.c
cfn=(340) wcscmp
calls=1 30 
* 25
cob=(2)
cfi=(106) ./string/../sysdeps/x86_64/multiarch/strrchr.c
cfn=(336) rindex
calls=1 28 
* 25
cob=(2)
cfi=(104) ./debug/../sysdeps/x86_64/multiarch/memset_chk.c
cfn=(332) __memset_chk
calls=1 29 
* 24
cob=(2)
cfi=(103) ./string/../sysdeps/x86_64/multiarch/strchr.c
cfn=(330) index
calls=1 65 
* 19
cob=(2)
cfi=(100)
cfn=(324) wcschr
calls=2 31 
* 50
cob=(2)
cfi=(98) ./string/../sysdeps/x86_64/multiarch/memcmpeq.c
cfn=(320) memcpy@@GLIBC_2.14
calls=1 29 
* 22
cob=(2)
cfi=(96) ./wcsmbs/../sysdeps/x86_64/multiarch/wcsncpy.c
cfn=(316) wcsncpy
calls=1 31 
* 18
cob=(2)
cfi=(95) ./string/../sysdeps/x86_64/multiarch/memrchr.c
cfn=(312) memrchr
calls=1 29 
* 25
cob=(2)
cfi=(94) ./debug/../sysdeps/x86_64/multiarch/memcpy_chk.c
cfn=(308) __memcpy_chk
calls=1 29 
* 22
cob=(2)
cfi=(92) ./debug/../sysdeps/x86_64/multiarch/mempcpy_chk.c
cfn=(304) __mempcpy_chk
calls=1 29 
* 22
cob=(2)
cfi=(91) ./wcsmbs/../sysdeps/x86_64/multiarch/wcslen.c
cfn=(300) wcslen
calls=1 29 
* 19
cob=(2)
cfi=(89) ./string/../sysdeps/x86_64/multiarch/memset.c
cfn=(296) memset
calls=1 29 
* 24
cob=(2)
cfi=(87) ./wcsmbs/../sysdeps/x86_64/multiarch/wcsnlen.c
cfn=(292) wcsnlen
calls=1 30 
* 19
cob=(2)
cfi=(86) ./string/../sysdeps/x86_64/multiarch/strcmp.c
cfn=(290) strcmp
calls=1 79 
* 19
cob=(2)
cfi=(85) ./string/../sysdeps/x86_64/multiarch/strpbrk.c
cfn=(288) strpbrk
calls=1 29 
* 7
cob=(2)
cfi=(83) ./string/../sysdeps/x86_64/multiarch/strnlen.c
cfn=(284) strnlen
calls=2 31 
* 50
cob=(2)
cfi=(81) ./string/../sysdeps/x86/cacheinfo.c
cfn=(280) __x86_cacheinfo
calls=1 86 
* 28
fi=(5)
165 47
fi=(6)
479 47
fi=(5)
165 100
-14 87
fi=(6)
460 3
+5 2
-1 3
+1 2
-1 1
cfi=(29)
cfn=(82)
calls=1 210 
* 11
+2 5
+1 2
-67 57
+2 76
+4 19
+9 19
-9 38
+9 19
fi=(5)
150 38
fi=(6)
320 29
+3 29
-36 90
fi=(5)
141 47
+1 47
-1 141
+2 47
fi=(6)
287 235
fe=(77)
175 63
+3 7
-1 7
+19 7
-18 14
fi=(6)
295 2
+1 3
+11 2
+7 1
cob=(2)
cfi=(141) ./time/../sysdeps/unix/sysv/linux/gettimeofday.c
cfn=(440) gettimeofday
calls=1 42 
* 7
* 4
fe=(77)
-13 3
+55 25
+3 5
-3 5
+3 5
+4 10
+1 20
cfi=(140)
cfn=(436)
calls=5 117 
* 30
* 10
-63 6
fi=(5)
180 7
fe=(77)
+10 2
fi=(5)
73 1
fe=(77)
190 3
fi=(6)
436 7
fi=(5)
182 2
+1 2
-1 1
+3 1
-3 4
+3 2
-3 10
+1 10
-1 5
+3 5
-3 20
+3 10
+8 6
fi=(6)
+74 12
+7 12
+4 12
fe=(77)
170 24
fi=(4)
-30 18
fe=(77)
+31 12
+3 12
+8 12
-8 54
+12 12
-3 6
+1 6
+2 36
+4 24
-4 6
+4 18
cfi=(78)
cfn=(270)
calls=6 772 
* 3227
+3 6
+1 12
-4 6
+4 30
fi=(6)
+93 20
+3 2
-3 6
+3 2
-3 2
+5 4
+25 36
423 6
fi=(5)
196 18
-16 24
+31 7
fe=(77)
-33 7
-3 21

fl=(11)
fn=(58) __GI___tunable_set_val
153 15
-81 40
+81 15
-81 10
+10 5
fi=(261) ./elf/./dl-tunable-types.h
+2 5
fe=(11)
+9 40
+1 25
fi=(12) ./elf/./elf/dl-tunables.h
+47 10
fe=(11)
-26 25
+1 5
+1 5
+1 5
+39 15
fi=(12)
-15 10
fe=(11)
-45 10
+3 5
fi=(12)
+51 5
fe=(11)
-51 5
+4 10
+7 10
+1 10
-12 25

fn=(28)
387 38
+3 76
-3 38
+3 304
+9 35
-9 70
+19 23
+7 228
+2 38
-19 15
+1 15
+9 6

fn=(22) __GI___tunables_init
261 8
+22 1
-22 1
128 1
283 1
-22 1
+6 4
42 180
+6 35
-3 35
+3 2632
+4 70
+4 70
fi=(12)
160 35
fe=(11)
56 70
fi=(12)
161 20
-1 95
+1 125
-1 70
fe=(11)
281 5740
+6 10395
fi=(12)
160 350
+1 700
-1 33
+1 132
-1 165
fe=(11)
304 8

fl=(71)
fn=(228)
30 39
+4 3
+1 6
+10 6
+18 3
-17 3
+17 15

fl=(9)
fn=(16)
102 5
+4 1
-4 1
+1 1
+3 1
cfn=(18) _dl_sysdep_parse_arguments
calls=1 -28 
* 383
+4 2
cfi=(11)
cfn=(22)
calls=1 261 
* 20977
+3 1
cfi=(13)
cfn=(26)
calls=1 289 
* 38
+2 2
cfi=(14) ./elf/../sysdeps/unix/sysv/linux/brk.c
cfn=(30) brk
calls=1 -79 
* 8
fi=(6)
220 1
cfi=(15)
cfn=(34)
calls=1 37 
* 7349
fe=(9)
-98 3
+1 1
cfi=(22)
cfn=(62)
calls=1 -66 
* 17
* 1
+2 2
cfi=(23)
cfn=(64)
calls=1 -88 
* 16
* 3
+12 3
+3 5
cfi=(2)
cfn=(66)
calls=1 1346 
* 135245
+3 4

fn=(482)
147 1
+1 1

fn=(18)
78 1
+2 1
-2 6
+1 1
+1 1
-1 1
+2 2
+2 1
-2 1
+2 2
-1 1
+1 2
-1 34
+1 68
+7 56
fi=(10) ./elf/../sysdeps/unix/sysv/linux/dl-parse_auxv.h
-49 1
fe=(9)
+45 1
fi=(10)
-54 1
fe=(9)
+54 1
fi=(10)
-54 1
+1 1
+1 1
+7 3
+1 40
+1 20
-2 20
+2 20
-2 61
fe=(9)
+52 3
+1 1
+1 2
fi=(10)
-49 1
+1 1
fe=(9)
+46 1
fi=(10)
-45 1
+3 1
+1 1
+1 1
+1 1
+2 1
-5 1
-4 1
+1 1
+4 1
+1 1
+3 1
-7 1
-4 1
+1 1
+8 1
fe=(9)
+40 1
-1 1
+2 1
+1 6

fl=(20) ./elf/../sysdeps/x86/dl-cacheinfo.h
fn=(52) intel_check_word.constprop.0
123 48
-4 72
+10 24
-10 96
+10 48
-10 24
+10 24
-10 24
+10 24
+2 48
+71 48
fi=(21) ./elf/../bits/stdlib-bsearch.h
32 24
fe=(20)
202 120
-71 96
+2 60
+2 120
+8 120
+51 96
+22 48
fi=(21)
28 48
-1 96
+2 216
+2 168
+1 84
fe=(20)
+78 168
+3 324
fi=(21)
-78 264
-6 528
+2 480
+1 240
fe=(20)
+78 480
+15 12
246 144
fi=(21)
37 120
fe=(20)
155 36
+3 36
-6 12
+3 39
+9 18
+23 21
-32 63
+3 63
+4 58
+2 116
+3 84
+1 48
+1 48
+1 30
+2 11
+2 22
+6 14
+3 8
+1 12
-20 15
+12 4
+2 4
+1 4
-2 4
-1 4
+2 8
-2 4
+3 4
-2 12
+2 12
+11 2
-9 12

fn=(50) handle_intel.constprop.0
255 24
-5 12
+17 12
-17 96
+11 12
+1 12
+5 36
+4 24
+34 96
-29 12
+3 24
-3 12
+3 36
cfn=(52)
calls=12 123 
* 4092
+2 24
+3 60
cfn=(52)
calls=12 123 
* 1272
+2 24

fn=(56) get_common_cache_info.constprop.0
571 11
+17 1
+1 1
+9 1
-12 1
+2 1
+2 1
+8 1
-11 1
+3 1
+11 2
-5 3
+17 1
+5 3
+4 2
770 5
+1 5
+4 2
+8 1
-1 1
+1 1
+1 1
+1 7
627 5
+3 6
-32 5
+75 4
+8 5
+2 2
-2 1
+6 3
+3 1
+1 5
-4 4
+21 2
-21 4
+2 1
+2 4
-4 1
+6 4
+3 2
+5 1
+2 2
+1 1
+1 1
-2 2
+1 1
-19 4
+46 2
+1 1
+1 2
+1 1
+25 3
630 3
+10 6
+14 2
+4 1
+3 1
+1 1
-4 2
+3 3
+6 4
-37 12
+7 6
-7 3
+7 2
+3 20
+5 2
+4 1
+1 1
-1 2
+1 1
+61 2
+7 1
+2 2
-16 1
+22 1
-6 2
+1 1
+5 1
-30 5

fl=(16)
fn=(36)
682 1
+17 1
-17 7
+3 1
+1 1
+1 1
+3 1
+9 2
+3 6
1001 3
+1 2
+3 2
+1 2
+6 1
+1 1
+1 1
+1 1
fi=(20)
792 1
+1 1
+2 1
+14 2
+85 1
+1 1
+15 1
-5 1
+5 1
-10 1
-6 1
+2 1
+14 1
-15 1
+2 1
-1 1
+2 1
-1 1
+2 1
-1 1
+1 1
+2 1
+1 1
+1 1
+1 1
+35 2
-15 3
+8 2
+27 6
+9 2
+19 2
+8 6
cfi=(11)
cfn=(28)
calls=1 387 
* 23
* 1
+2 2
+3 4
cfi=(11)
cfn=(28)
calls=1 387 
* 23
* 1
+2 2
+3 4
cfi=(11)
cfn=(28)
calls=1 387 
* 23
* 1
+1 5
+16 2
-12 5
cfi=(11)
cfn=(28)
calls=1 387 
* 23
* 1
+1 3
+6 3
+3 1
-3 2
cfi=(11)
cfn=(28)
calls=1 387 
* 23
* 1
+3 5
-3 1
+3 5
cfi=(11)
cfn=(58)
calls=1 153 
* 62
+1 10
cfi=(11)
cfn=(58)
calls=1 153 
* 62
+1 11
cfi=(11)
cfn=(58)
calls=1 153 
* 62
+3 10
cfi=(11)
cfn=(58)
calls=1 153 
* 62
+2 10
cfi=(11)
cfn=(58)
calls=1 153 
* 62
+13 1
+2 1
fe=(16)
-23 1
fi=(20)
+21 1
+3 1
fe=(16)
-24 1
fi=(20)
+26 1
-5 1
+2 1
-2 1
+3 1
fe=(16)
-24 1
fi=(20)
+25 1
+3 1
-1 1
fe=(16)
-27 1
cfi=(11)
cfn=(28)
calls=1 387 
* 22
+3 4
cfi=(11)
cfn=(28)
calls=1 387 
* 24
+6 3
+54 1
-1 1
+1 1
+45 4
cfi=(11)
cfn=(28)
calls=1 387 
* 22
+2 4
cfi=(11)
cfn=(28)
calls=1 387 
* 22
+6 4
cfi=(11)
cfn=(28)
calls=1 387 
* 24
+7 8
fi=(20)
974 12
fe=(16)
+68 1
-1 2
+1 3
+44 3
+27 2
-10 2
+1 2
+2 3
+1 2
+2 3
+1 2
fi=(20)
811 2
cfn=(50)
calls=1 255 
* 455
+1 1
-1 1
+1 1
cfn=(50)
calls=1 255 
* 503
+1 1
-1 1
+1 1
cfn=(50)
calls=1 255 
* 530
+4 1
-4 1
+1 2
+3 1
cfn=(50)
calls=1 255 
* 476
+2 1
-2 1
+2 1
cfn=(50)
calls=1 255 
* 468
+3 1
-3 1
+1 2
+2 1
cfn=(50)
calls=1 255 
* 446
+2 1
-2 1
+2 1
cfn=(50)
calls=1 255 
* 447
+3 1
-2 1
-1 1
+3 1
cfn=(50)
calls=1 255 
* 494
+2 1
-2 1
+2 1
cfn=(50)
calls=1 255 
* 495
+1 1
+2 1
-3 1
+1 1
+2 1
cfn=(50)
calls=1 255 
* 521
+2 1
-2 1
+2 1
cfn=(50)
calls=1 255 
* 522
+2 1
-2 1
+2 1
cfn=(50)
calls=1 255 
* 523
+2 4
-2 1
+2 1
cfn=(56)
calls=1 571 
* 223
+93 1
-6 3
+6 1
-6 2
+6 2
-6 2
+6 2
-1 2
fe=(16)
708 6
cfn=(38) get_common_indices.constprop.0
calls=1 398 
* 74
376 3
+1 2
+1 6
+5 2
713 1
cfn=(42) update_active.constprop.0
calls=1 72 
* 222
+2 1
+2 1
1015 1
715 2
878 2
+7 2
+2 2
+4 2
+6 2
+2 1
706 2
-3 1
384 6
+5 2
+1 7
717 1
fi=(20)
987 1
-48 1
fe=(16)
717 1
fi=(20)
987 2
fe=(16)
717 6
+4 7
+78 1
-25 3
+92 2
+3 2
fi=(20)
+38 1
fe=(16)
-37 1
-89 2
+51 2

fn=(38)
398 3
+4 4
+3 3
+5 2
-5 1
+5 1
-5 1
+4 1
+1 1
+1 4
+1 4
+1 3
+1 2
+7 2
+2 5
+5 1
-5 1
+5 1
-5 1
+5 1
-5 2
+5 1
+7 1
-7 4
+7 1
+1 3
+6 1
-6 4
+6 1
fi=(17) ./elf/../sysdeps/unix/sysv/linux/x86/dl-minsigstacksize.h
24 2
+3 2
+1 2
+37 3
+7 1
+2 1
fe=(16)
457 3

fn=(42)
72 8
+4 1
+10 1
+9 1
+9 1
-19 1
-1 1
+29 1
-4 1
-24 1
+9 1
+9 1
+9 1
-28 2
+25 1
-15 1
-9 1
+9 1
+9 1
+9 1
-3 1
+7 1
-13 1
+9 1
+4 2
-22 1
+22 2
-13 1
+6 1
+3 1
+5 1
+12 1
-8 1
-4 1
+7 1
-3 4
+1 1
+2 1
-2 2
+1 3
+5 1
+2 1
-2 4
+1 1
+1 1
-1 2
+1 1
-1 1
+3 2
+1 4
+14 2
356 2
+4 3
fi=(18) ./elf/../sysdeps/unix/sysv/linux/x86/dl-hwcap2.h
25 2
fi=(19)
+5 1
-2 1
+2 3
fe=(16)
369 1
+1 8
151 2
+1 2
-1 5
+1 2
+2 3
+90 1
+1 1
-1 2
+17 4
+16 2
+5 1
-1 2
+4 4
+4 2
+4 3
+1 2
+3 1
-1 1
+9 1
-5 1
+2 1
-2 1
+5 1
+51 1
fi=(19)
31 1
fe=(16)
356 2
fi=(19)
32 3
+4 3
fe=(16)
158 4
+3 1
+3 2
+14 1
+2 1
+10 3
-12 1
+12 1
-12 1
+2 2
-2 1
+2 1
+8 1
-8 1
+6 3
+2 1
-2 1
+2 3
+7 5
fi=(19)
39 2
+1 4
-2 1
+7 4
+2 1
+1 2
+3 5
+2 4
+1 2
+1 2
+3 1
-1 1
+1 3
fe=(16)
171 1
-5 2
+4 1

fl=(163) ./elf/../sysdeps/x86_64/dl-trampoline.h
fn=(542) _dl_runtime_resolve_xsave
71 15
+5 15
+3 15
+2 15
+10 15
+6 15
+1 15
+1 15
+1 15
+1 15
+1 15
+1 15
+4 15
+1 15
+3 15
+1 15
+2 15
+1 15
+1 15
+1 15
+1 15
+1 15
+2 15
+7 15
+1 15
+1 15
cfi=(164)
cfn=(544)
calls=15 -84 
* 11559
+1 15
+5 15
+1 15
+1 15
+2 15
+1 15
+1 15
+1 15
+1 15
+1 15
+1 15
+2 15
+2 15
+4 15
+2 15

fl=(14)
fn=(30)
36 1
fi=(262) ./elf/../sysdeps/unix/sysv/linux/brk_call.h
-12 2
fe=(14)
+13 1
+1 2
+6 1
+1 1

ob=(5)
fl=(162)
fn=(534) 0x00000000000250e0
0 7
cob=(3)
cfi=(154)
cfn=(536) 0x0000000004857d00
calls=1 0 
0 1169
0 5
cfn=(576) 0x000000000000e490
calls=1 0 
0 2591
0 2
cob=(3)
cfi=(154)
cfn=(612) 0x0000000004857ca0
calls=1 0 
0 766
0 7
cob=(3)
cfi=(154)
cfn=(620) 0x0000000004857dd0
calls=1 0 
0 1301
0 6
cob=(3)
cfi=(154)
cfn=(634) 0x0000000004857940
calls=1 0 
0 947
0 515

fn=(1284) omp_get_thread_num
0 79616

fn=(778) 0x0000000000010290
0 28
cfn=(780) 0x000000000000fbe0
calls=2 0 
0 50
0 26

fn=(780)
0 50

fn=(1108) 0x0000000000024680
0 10591

fn=(1126) 0x000000000001b490
0 378784

fn=(1280) omp_get_num_threads
0 159232

fn=(896) 0x0000000000045060
0 18
cob=(3)
cfi=(154)
cfn=(770) 0x0000000004857890
calls=1 0 
0 265
0 12

fn=(1246) 0x0000000000025770
0 4820542781

fn=(1288) 0x0000000000025a10
0 4906875228

fn=(576)
0 14
cob=(3)
cfi=(154)
cfn=(578) 0x0000000004857b80
calls=2 0 
0 2768
0 10

fn=(754) 0x0000000000010b20
0 5

fn=(1052) 0x00000000000186f0
0 23674

fn=(532)
0 13
cfn=(534)
calls=1 0 
0 7316
0 6
cfn=(660) 0x000000000000cb30
calls=1 0 
0 980
0 310
cob=(3)
cfi=(154)
cfn=(702) 0x0000000004857840
calls=35 0 
0 1927
0 200
cob=(3)
cfi=(154)
cfn=(770)
calls=1 0 
0 1207
0 6
cfn=(778)
calls=1 0 
0 52
0 2
cob=(3)
cfi=(154)
cfn=(740) 0x0000000004857790
calls=1 0 
0 325
0 6
cob=(3)
cfi=(154)
cfn=(740)
calls=1 0 
0 344
0 34
cob=(3)
cfi=(154)
cfn=(740)
calls=1 0 
0 1075
0 6
cfn=(754)
calls=1 0 
0 5
0 6
cob=(3)
cfi=(154)
cfn=(740)
calls=1 0 
0 325
0 9
cob=(3)
cfi=(154)
cfn=(740)
calls=1 0 
0 353
0 9
cob=(3)
cfi=(154)
cfn=(830) 0x0000000004857a90
calls=1 0 
0 819
0 5
cob=(3)
cfi=(154)
cfn=(740)
calls=1 0 
0 343
0 6
cob=(3)
cfi=(154)
cfn=(740)
calls=1 0 
0 259
0 5
cfn=(778)
calls=1 0 
0 52
0 6
cob=(3)
cfi=(154)
cfn=(740)
calls=1 0 
0 259
0 5
cob=(3)
cfi=(154)
cfn=(740)
calls=1 0 
0 344
0 4
cfn=(868) 0x000000000003c0d0
calls=1 0 
0 880
0 1
cfn=(896)
calls=1 0 
0 295
0 32
cob=(3)
cfi=(154)
cfn=(740)
calls=1 0 
0 353
0 29

fn=(660)
0 22
cfn=(666) 0x000000000000e4c0
calls=1 0 
0 935
0 23

fn=(868)
0 40
cob=(3)
cfi=(154)
cfn=(870) 0x0000000004857a30
calls=1 0 
0 835
0 5

fn=(1050) GOMP_parallel
0 8099
cfn=(1052)
calls=623 0 
0 23674
0 1869
cfn=(1066) 0x00000000000227d0
calls=623 0 
0 57059
0 4361
cfn=(1114) 0x00000000000229f0
calls=623 0 
0 162306398
0 1244
cob=(6)
cfi=(195)
cfn=(1276)
calls=622 0 
0 531810
0 17416
cfn=(1288)
calls=622 0 
0 156839763
0 3110
cfn=(1344) 0x0000000000024720
calls=622 0 
0 3732
0 622
cfn=(1350) 0x000000000001b500
calls=622 0 
0 9952
0 20526

fn=(1144) 0x000000000000e500
0 7
cob=(3)
cfi=(154)
cfn=(1146) 0x0000000004857c40
calls=1 0 
0 949
0 5

fn=(1066)
0 9350
cfn=(1086) 0x000000000000e530
calls=1 0 
0 1001
0 14
cfn=(1108)
calls=1 0 
0 17
0 4354
cfn=(1108)
calls=622 0 
0 10574
0 30526
cfn=(576)
calls=1 0 
0 201
0 10
cob=(3)
cfi=(154)
cfn=(1074) 0x0000000004857e70
calls=1 0 
0 1010
0 2

fn=(1086)
0 10
cob=(3)
cfi=(154)
cfn=(1088) 0x0000000004857b50
calls=1 0 
0 986
0 5

fn=(1114)
0 47971
cfn=(1126)
calls=623 0 
0 11837
0 11400
cfn=(1126)
calls=31 0 
0 589
0 527
cob=(3)
cfi=(154)
cfn=(1186) 0x0000000004857c70
calls=31 0 
0 34090
0 649760
cfn=(1126)
calls=19282 0 
0 366358
0 581590
cfn=(1246)
calls=622 0 
0 160376222
0 3
cfn=(1246)
calls=1 0 
0 218831
0 6240
cfn=(1144)
calls=1 0 
0 961
0 19

fn=(1242) 0x0000000000022640
0 1457
cfn=(1246)
calls=31 0 
0 5335661
0 38593
cfn=(1246)
calls=19281 0 
0 4654612067
0 173383
cob=(6)
cfi=(195)
cfn=(1276)
calls=19282 0 
0 16486110
0 38564
cfn=(1288)
calls=19282 0 
0 4750035465
0 57843

fn=(908)
0 6
cob=(3)
cfi=(154)
cfn=(870)
calls=1 0 
0 29
0 4

fn=(666)
0 9
cob=(3)
cfi=(154)
cfn=(668) 0x0000000004857ac0
calls=1 0 
0 921
0 5

fn=(1344)
0 3732

fn=(1350)
0 9952

fn=(526)
0 12

ob=(3)
fl=(154)
fn=(626) 0x00000000048ca740
0 66
cob=(2)
cfi=(185) ./string/../sysdeps/x86_64/multiarch/memset-vec-unaligned-erms.S
cfn=(628) __memset_avx2_unaligned_erms
calls=33 158 
0 1151

fn=(966) 0x00000000048ca6b0
0 232
cob=(2)
cfi=(207) ./string/../sysdeps/x86_64/multiarch/memmove-vec-unaligned-erms.S
cfn=(968) __memcpy_avx_unaligned_erms
calls=116 255 
0 1547

fn=(1074)
0 2
cob=(2)
cfi=(230) ./nptl/./nptl/pthread_setspecific.c
cfn=(1078) pthread_setspecific@@GLIBC_2.34
calls=1 25 
0 37
cob=(1)
cfi=(163)
cfn=(542)
calls=1 71 
0 966
0 5

fn=(1088)
0 2
cob=(2)
cfi=(176)
cfn=(1092) memalign
calls=1 3543 
0 288
cob=(1)
cfi=(163)
cfn=(542)
calls=1 71 
0 691
0 5

fn=(1278)
0 39808
cob=(5)
cfi=(162)
cfn=(1280)
calls=19904 0 
0 159232

fn=(1408)
0 6
cob=(2)
cfi=(249) ./stdio-common/./stdio-common/printf.c
cfn=(1410) printf
calls=3 28 
0 30099

fn=(562) 0x00000000048ca480
0 2
cob=(2)
cfi=(171) ./string/../sysdeps/x86_64/multiarch/memchr-avx2.S
cfn=(564) __memchr_avx2
calls=1 61 
0 19

fn=(612)
0 2
cob=(2)
cfi=(183) ./nptl/./nptl/pthread_self.c
cfn=(616) pthread_self
calls=1 23 
0 3
cob=(1)
cfi=(163)
cfn=(542)
calls=1 71 
0 756
0 5

fn=(746) 0x00000000048ca500
0 58
cob=(2)
cfi=(190) ./string/../sysdeps/x86_64/multiarch/strlen-avx2.S
cfn=(748) __strlen_avx2
calls=29 52 
0 406

fn=(830)
0 2
cob=(2)
cfi=(192) ./nptl/./nptl/pthread_attr_init.c
cfn=(834) pthread_attr_init@@GLIBC_2.2.5
calls=1 32 
0 24
cob=(1)
cfi=(163)
cfn=(542)
calls=1 71 
0 788
0 5

fn=(960) 0x00000000048ca590
0 168
cob=(2)
cfi=(205) ./string/../sysdeps/x86_64/multiarch/strchr-avx2.S
cfn=(962) __strchrnul_avx2
calls=84 53 
0 1623

fn=(668)
0 2
cob=(2)
cfi=(176)
cfn=(672)
calls=1 3699 
0 235
cob=(1)
cfi=(163)
cfn=(542)
calls=1 71 
0 679
0 5

fn=(1030)
0 12
cob=(2)
cfi=(176)
cfn=(582) malloc
calls=6 3294 
0 1539

fn=(1038)
0 54
cob=(2)
cfi=(141)
cfn=(1040) __gettimeofday_syscall
calls=27 33 
0 216

fn=(1282)
0 39808
cob=(5)
cfi=(162)
cfn=(1284)
calls=19904 0 
0 79616

fn=(634)
0 2
cob=(2)
cfi=(186) ./posix/./posix/sched_cpucount.c
cfn=(638) __sched_cpucount
calls=1 35 
0 144
cob=(1)
cfi=(163)
cfn=(542)
calls=1 71 
0 796
0 5

fn=(924) 0x0000000000109000
0 7

fn=(1440) 0x00000000048ca430
0 4
cob=(2)
cfi=(207)
cfn=(1442) __mempcpy_avx_unaligned_erms
calls=2 242 
0 48

fn=(536)
0 2
cob=(2)
cfi=(165) ./posix/../sysdeps/unix/sysv/linux/x86/sysconf.c
cfn=(548) sysconf
calls=1 32 
0 467
cob=(1)
cfi=(163)
cfn=(542)
calls=1 71 
0 695
0 5

fn=(478) 0x00000000048ca720
0 42
cob=(1)
cfi=(11)
cfn=(28)
calls=21 387 
0 493

fn=(516) 0x00000000048ca660
0 2
cob=(2)
cfi=(160) ./string/../sysdeps/x86_64/multiarch/strrchr-avx2.S
cfn=(518) __strrchr_avx2
calls=1 53 
0 22

fn=(1186)
0 62
cob=(2)
cfi=(231) ./nptl/./nptl/pthread_create.c
cfn=(1190) pthread_create@@GLIBC_2.34
calls=31 626 
0 33107
cob=(1)
cfi=(163)
cfn=(542)
calls=1 71 
0 916
0 5

fn=(934) 0x00000000048ca7b0
0 2
cob=(1)
cfi=(48)
cfn=(936)
calls=1 118 
0 5

fn=(948)
0 2
cob=(2)
cfi=(202) ./stdio-common/./stdio-common/fprintf.c
cfn=(950) fprintf
calls=1 27 
0 7368

fn=(620)
0 2
cob=(2)
cfi=(184) ./nptl/./nptl/pthread_getaffinity.c
cfn=(624) pthread_getaffinity_np@@GLIBC_2.32
calls=1 30 
0 40
cob=(1)
cfi=(163)
cfn=(542)
calls=1 71 
0 1254
0 5

fn=(1202) 0x00000000048ca700
0 62
cob=(1)
cfi=(46)
cfn=(1204)
calls=31 626 
0 18445

fn=(1420) 0x00000000048ca3f0
0 2
cob=(2)
cfi=(176)
cfn=(582)
calls=1 3294 
0 191

fn=(578)
0 4
cob=(2)
cfi=(176)
cfn=(582)
calls=2 3294 
0 2004
cob=(1)
cfi=(163)
cfn=(542)
calls=1 71 
0 755
0 5

fn=(740)
0 20
cob=(2)
cfi=(189) ./stdlib/./stdlib/getenv.c
cfn=(744) getenv
calls=10 24 
0 3219
cob=(1)
cfi=(163)
cfn=(542)
calls=1 71 
0 736
0 5

fn=(750) 0x00000000048ca600
0 36
cob=(2)
cfi=(188) ./string/../sysdeps/x86_64/multiarch/strcmp-avx2.S
cfn=(708) __strncmp_avx2
calls=18 206 
0 599

fn=(702)
0 70
cob=(2)
cfi=(188)
cfn=(708)
calls=35 206 
0 1092
cob=(1)
cfi=(163)
cfn=(542)
calls=1 71 
0 760
0 5

fn=(770)
0 4
cob=(2)
cfi=(191) ./stdlib/./stdlib/secure-getenv.c
cfn=(774) secure_getenv
calls=2 28 
0 620
cob=(1)
cfi=(163)
cfn=(542)
calls=1 71 
0 843
0 5

fn=(870)
0 4
cob=(2)
cfi=(194) ./nptl/./nptl/pthread_key_create.c
cfn=(874) pthread_key_create@@GLIBC_2.34
calls=2 25 
0 45
cob=(1)
cfi=(163)
cfn=(542)
calls=1 71 
0 810
0 5

fn=(1048)
0 1246
cob=(5)
cfi=(162)
cfn=(1050)
calls=623 0 
0 319829635

fn=(1146)
0 2
cob=(2)
cfi=(176)
cfn=(1150) realloc
calls=1 3407 
0 213
cob=(1)
cfi=(163)
cfn=(542)
calls=1 71 
0 729
0 5

fn=(502)
0 7

fn=(522)
0 7

ob=(2)
fl=(189)
fn=(744)
24 108
+1 96
+3 12
cob=(3)
cfi=(154)
cfn=(746)
calls=12 -28 
* 192
+1 12
-1 12
+1 1704
+2 840
+1 72
cob=(3)
cfi=(154)
cfn=(750)
calls=18 -32 
* 635
* 36
+5 108

fl=(205)
fn=(962)
53 84
+2 84
+1 84
+1 84
+1 84
+1 84
+3 84
+1 84
+4 84
+1 84
+1 84
+1 84
+1 84
+1 84
+1 84
+1 81
+13 81
+2 162
+12 3
+1 3
+6 3
+1 6
+48 3
+4 3
+1 3
+1 3
+1 3
+1 3
+1 3
+1 3

fl=(250) ./nptl/./nptl/libc-cleanup.c
fn=(1434) __libc_cleanup_pop_restore
54 3
+1 3
+2 6
+2 3
+1 9
+11 3

fn=(1412) __libc_cleanup_push_defer
24 3
+1 3
+2 6
+2 6
+3 6
+14 9
+2 3
+1 3

fl=(128)
fn=(398)
29 1
fi=(109) ./string/../sysdeps/x86_64/multiarch/ifunc-strncpy.h
+6 5
+1 3
+3 2
+4 3
+3 4
fe=(128)
-17 1

fl=(115)
fn=(358)
29 1
fi=(263) ./string/../sysdeps/x86_64/multiarch/ifunc-sse4_2.h
+7 5
fe=(115)
-7 1

fl=(134)
fn=(418)
29 1
fi=(135) ./string/../sysdeps/x86_64/multiarch/ifunc-evex.h
+9 3
-1 4
+2 3
+6 2
-3 2
+9 3
+3 4
fe=(134)
-25 1

fl=(168) ./misc/../sysdeps/unix/sysv/linux/getsysstats.c
fn=(554) get_nprocs_conf
230 2
+1 1
-1 1
+1 1
cfn=(556) read_sysfs_file
calls=1 -92 
* 409
+1 2
+5 2

fn=(556)
139 1
+9 1
-9 11
+9 1
cfi=(169) ./io/../sysdeps/unix/sysv/linux/open64_nocancel.c
cfn=(558) __open_nocancel
calls=1 28 
* 27
* 1
+3 2
+39 12
72 5
cfi=(170) ./io/../sysdeps/unix/sysv/linux/read_nocancel.c
cfn=(560) __read_nocancel
calls=1 -47 
* 6
* 1
+1 2
+5 2
-2 1
+2 2
cob=(3)
cfi=(154)
cfn=(562)
calls=1 -78 
* 21
+1 2
fi=(174) ./misc/../sysdeps/unix/sysv/linux/not-cancel.h
-4 2
cfi=(175) ./io/../sysdeps/unix/sysv/linux/close_nocancel.c
cfn=(572) __close_nocancel
calls=1 -50 
* 6
+1 1
fe=(168)
+29 2
+45 3
+28 3
+3 3
-1 1
+1 2
+3 2
-26 4
cfi=(172) ./stdlib/../stdlib/strtol.c
cfn=(566) __isoc23_strtoul
calls=1 -33 
* 123
+1 1
-1 1
+1 2
+7 2
+2 1
+1 4
cfi=(172)
cfn=(566)
calls=1 -44 
* 139
+1 3
+7 3
-75 1
+1 2

fl=(225) ./libio/./libio/fileops.c
fn=(1416) _IO_file_stat
1147 1
+1 2
cfi=(252) ./io/../sysdeps/unix/sysv/linux/fstat64.c
cfn=(1418) fstat
calls=1 30 
* 6

fn=(1014) _IO_file_overflow@@GLIBC_2.2.5
732 760
+1 380
+7 471
+37 93
-2 186
+3 182
+3 273
+1 273
+1 364
+4 91
+1 546
-45 4
+12 4
+9 6
+5 6
+2 4
-5 2
+5 2
+1 2
-5 2
+1 2
+4 4
-7 2
+10 4
+13 4
-12 4
+1 4
+11 16
-12 4
cfn=(1018) _IO_do_write@@GLIBC_2.2.5
calls=4 424 
* 318
+9 2
-1 1
+1 1
-1 1
cfn=(1018)
calls=1 424 
* 154
* 2
-12 4
+1 4
-28 4
cfi=(226) ./libio/./libio/genops.c
cfn=(1016) _IO_doallocbuf
calls=2 343 
* 353
+1 2
+9 2
-9 10

fn=(1022) _IO_file_write@@GLIBC_2.2.5
1174 32
+2 16
-1 8
+6 4
cfi=(228) ./io/../sysdeps/unix/sysv/linux/write.c
cfn=(1024) write
calls=4 25 
* 179
+1 8
+5 4
+1 4
-12 8
+4 12
+1 8
+10 12
+3 24
-4 12

fn=(1012) _IO_file_xsputn@@GLIBC_2.2.5
1198 28
+7 4
-7 8
+6 16
+9 8
-2 16
+17 6
+6 2
+2 4
+2 2
-4 2
+2 2
+2 2
-1 2
-1 2
cob=(3)
cfi=(154)
cfn=(1440)
calls=2 0 
* 52
+2 2
-2 2
+4 4
+28 36
-55 2
+4 2
-4 2
+1 4
-14 2
+44 2
fi=(227) ./libio/./libio/libioP.h
1025 6
+1 4
fe=(225)
1244 2
fi=(227)
1025 6
+1 4
fe=(225)
1244 12
cfn=(1014)
calls=4 732 
* 843
* 8
+6 8
+1 17
+2 9
+11 8
+1 4
cfi=(226)
cfn=(1424) _IO_default_xsputn
calls=1 371 
* 5472
+2 3
-48 6
-2 4
+36 2
446 6
1221 2
+11 6
+19 1
444 1
-10 2
+7 4
fi=(227)
1025 2
+1 2
fe=(225)
449 5
cfn=(1022)
calls=1 1174 
* 46
+1 1
-1 1
+1 3
+2 1
+4 2
-3 2
-1 2
+4 2
-2 1
1257 2
-1 2
455 2
-11 4

fn=(1018)
424 5
+2 15
+1 2
-3 9
fi=(227)
1025 3
fe=(225)
424 24
+20 3
-10 6
+7 12
fi=(227)
1025 6
+1 6
fe=(225)
449 12
cfn=(1022)
calls=3 1174 
* 285
* 3
+1 9
+2 3
+4 6
-3 6
-1 6
+4 6
-30 6
+28 3
-28 6
+1 24
+28 6

fl=(214) ./stdlib/../sysdeps/x86_64/lshift.S
fn=(984) __mpn_lshift
28 17
+1 17
+1 17
+2 17
+1 17
+1 17
+12 17
+1 17
+1 17
+1 17
+1 17
+1 17
+1 17
+6 17
+1 17
+1 17

fl=(87)
fn=(292)
30 1
fi=(88) ./wcsmbs/../sysdeps/x86_64/multiarch/ifunc-wcslen.h
+11 2
-1 4
+2 3
+3 2
+4 3
+3 3
fe=(87)
-22 1

fl=(198) ./csu/../sysdeps/nptl/libc_start_call_main.h
fn=(938) (below main)
29 4
+15 1
-15 5
+15 1
cfi=(199) ./setjmp/../sysdeps/x86_64/bsd-_setjmp.S
cfn=(940) _setjmp
calls=1 -16 
* 38
* 1
+2 2
+5 2
+1 2
+3 2
+3 6
cob=(6)
cfi=(195)
cfn=(946)
calls=1 -58 
* 350121692

fl=(98)
fn=(320)
29 1
fi=(99) ./string/../sysdeps/x86_64/multiarch/ifunc-memmove.h
+28 3
-1 2
+4 3
+14 2
+3 2
+8 2
+8 2
+3 5
fe=(98)

fl=(126)
fn=(386)
31 1
fi=(114) ./string/../sysdeps/x86_64/multiarch/ifunc-strcasecmp.h
+6 2
-1 4
fe=(126)
-5 2
fi=(114)
+7 3
+3 2
+4 3
+3 4
fe=(126)

fl=(138)
fn=(428)
33 1
fi=(99)
+24 3
-1 2
+4 3
+14 2
+3 2
+8 2
+8 2
+3 5
fe=(138)

fl=(96)
fn=(316)
31 1
fi=(97) ./wcsmbs/../sysdeps/x86_64/multiarch/ifunc-wcs.h
+9 3
-1 4
+2 3
+3 2
+4 4
fe=(96)
-17 1

fl=(113)
fn=(354)
31 1
fi=(114)
+6 2
-1 4
fe=(113)
-5 2
fi=(114)
+7 3
+3 2
+4 3
+3 4
fe=(113)

fl=(129)
fn=(402)
29 1
fi=(130) ./wcsmbs/../sysdeps/x86_64/multiarch/ifunc-memcmp.h
+5 5
+1 2
+1 2
+1 3
+3 2
+4 3
+3 4
fe=(129)
-18 2

fl=(137)
fn=(424)
31 1
fi=(97)
+9 3
-1 4
+2 3
+3 2
+4 4
fi=(264) ./wcsmbs/../sysdeps/x86_64/multiarch/wcpncpy.c
-17 1
fe=(137)

fl=(180) ./misc/./misc/sbrk.c
fn=(598) sbrk
37 40
+3 5
+3 5
-3 5
+3 5
+35 7
-20 10
+4 10
+4 16
+8 4
cfi=(181) ./misc/../sysdeps/unix/sysv/linux/brk.c
cfn=(600) brk
calls=4 -38 
* 36
* 8
+4 28
-19 2
cfi=(181)
cfn=(600)
calls=1 -23 
* 9
* 2
+4 2

fl=(235) ./misc/../sysdeps/unix/sysv/linux/mmap64.c
fn=(1198) mmap
47 31
+3 62
-3 186
+6 62
+5 186
+2 124
-7 155

fl=(171)
fn=(564)
61 1
+7 1
+2 1
+3 1
+1 1
+2 1
+1 1
+1 1
+1 1
+3 1
+1 1
+3 1
+1 1
+14 1
+5 1
+7 1
+1 1
+1 1
+1 1

fl=(197) ./stdlib/./stdlib/cxa_atexit.c
fn=(920) __cxa_atexit
67 7
-26 2
+2 8
+1 2
cfn=(922) __new_exitfn
calls=1 +36 
* 33
+2 2
+8 1
-2 1
+3 1
+1 1
-4 2
+1 1
+4 4
+1 1
+11 6

fn=(922)
80 1
+6 2
-6 4
+11 2
-10 1
+10 4
+2 4
-2 1
+10 1
-10 3
+45 1
+5 3
-4 1
+4 2
-18 1
-1 1
+12 1

fl=(241) ./misc/../sysdeps/unix/sysv/linux/clone-internal.c
fn=(1218) __clone_internal
97 372
+2 62
-19 93
+2 4
cfi=(242) ./misc/../sysdeps/unix/sysv/linux/x86_64/clone3.S
cfn=(1220) clone3
calls=1 -40 
* 16
+1 4
+3 1
+20 1
-42 1
-11 1
+11 1
-2 1
-9 1
+11 2
-2 1
+2 4
cfi=(243) ./misc/../sysdeps/unix/sysv/linux/x86_64/clone.S
cfn=(1222) clone
calls=1 -12 
* 19
+42 30
-42 30
-11 30
+11 30
-2 30
-9 30
+11 60
-2 30
+2 120
cfi=(243)
cfn=(1222)
calls=30 -12 
* 570
+45 62
+1 248

fl=(185)
fn=(628)
158 33
+1 66
+5 33
+1 33
+1 32
+1 32
+1 32
+13 1
+1 1
+2 2
+53 32
+1 32
+6 32
+1 32
+12 32
+3 32
+1 32
+12 31
+1 31
+13 31
+1 31
+2 31
+3 31
+3 31
+3 31
+1 31
+1 31
+1 31
+1 31
+1 31
+1 62
+3 31
+1 31
+1 31
+1 31
+3 62
+23 1
+9 1
+1 1
+5 1
+1 1
+1 1
+1 1
+1 1
+1 1
+1 1
+3 1

fl=(229) ./stdio-common/./stdio-common/Xprintf_buffer_done.c
fn=(1026) __printf_buffer_done
25 35
+1 105
+5 70
+2 420
+7 35

fl=(91)
fn=(300)
29 1
fi=(88)
+12 2
-1 4
+2 3
+3 2
+4 3
+3 3
fe=(91)
-23 1

fl=(190)
fn=(748)
52 29
+13 29
+1 29
+1 29
+3 29
+2 29
+1 29
+3 29
+1 29
+8 29
+1 29
+1 29
+5 58

fl=(199)
fn=(940)
28 32
+2 32
+2 32
cfi=(200) ./setjmp/../sysdeps/x86_64/setjmp.S
cfn=(942) __sigsetjmp
calls=32 -1 
* 1120

fl=(131)
fn=(406)
29 1
fi=(93) ./debug/../sysdeps/x86_64/multiarch/ifunc-memmove.h
+28 3
-1 2
+4 3
+14 2
+3 2
+8 2
+8 2
+3 5
fe=(131)

fl=(239) ./nptl/./nptl/nptl-stack.c
fn=(1210) __nptl_stack_list_add
43 31
+1 124
fi=(265) ./nptl/../include/list.h
-1 155
+2 31
+2 31
fe=(239)
+5 31
+1 31

fl=(119)
fn=(366)
31 1
fi=(114)
+6 2
-1 4
fe=(119)
-5 2
fi=(114)
+7 3
+3 2
+4 3
+3 4
fe=(119)

fl=(112)
fn=(352)
67 2
-23 4
-1 8
+24 4
-22 6
+3 4
+4 6
+3 8

fl=(172)
fn=(566)
125 2
+1 10
cfi=(173) ./stdlib/../stdlib/strtol_l.c
cfn=(568) ____strtoul_l_internal
calls=2 238 
* 250

fl=(121)
fn=(374)
29 1
fi=(122) ./string/../sysdeps/x86_64/multiarch/ifunc-memcmp.h
+5 5
+1 2
+1 2
+1 3
+3 2
+4 3
+3 4
fe=(121)
-18 2

fl=(234) ./nptl/./nptl/allocatestack.c
fn=(1232) name_stack_maps
587 186
+2 31
+4 31
-4 124
+4 31
+2 62
+5 31
+1 31
-2 31
+2 62
-1 31
+3 93
cfi=(245) ./stdio-common/./stdio-common/snprintf.c
cfn=(1234) snprintf
calls=31 26 
* 16616
* 124
cfi=(247) ./misc/../sysdeps/unix/sysv/linux/setvmaname.c
cfn=(1238) __set_vma_name
calls=31 33 
* 689
+2 279
-2 93

fl=(247)
fn=(1238)
33 217
+2 155
+14 282
-9 4
cob=(3)
cfi=(154)
cfn=(478)
calls=1 -40 
* 26
* 3
+7 1
+1 1

fl=(192)
fn=(834)
32 2
fi=(266) ./nptl/../string/bits/string_fortified.h
+27 1
fe=(192)
-27 4
fi=(266)
+27 4
fe=(192)
-13 1
cfi=(193) ./misc/../sysdeps/unix/sysv/linux/getpagesize.c
cfn=(836) getpagesize
calls=1 -19 
* 6
* 2
+3 4

fl=(81)
fn=(280)
86 1
fi=(82) ./string/../sysdeps/x86/cacheinfo.h
-27 1
+3 3
+2 1
+1 1
-1 2
+7 3
+2 1
+1 1
-1 2
+5 2
+2 2
+1 2
+1 2
+2 2
+2 2
fe=(81)

fl=(179) ./malloc/./malloc/morecore.c
fn=(596) __glibc_morecore
25 5
+1 10
-1 10
+4 5
cfi=(180)
cfn=(598)
calls=5 +8 
* 194
+1 10
+4 10

fl=(206) ./stdio-common/./stdio-common/Xprintf_buffer_write.c
fn=(964) __printf_buffer_write
27 133
+1 399
-1 931
+4 464
+2 198
+3 99
fi=(223) ./stdio-common/../string/bits/string_fortified.h
-7 99
fe=(206)
+8 198
fi=(223)
-8 99
fe=(206)
+12 99
fi=(223)
-12 99
cob=(3)
cfi=(154)
cfn=(966)
calls=99 -29 
* 1558
fe=(206)
+11 297
-9 198
+2 297
+11 798

fl=(181)
fn=(600)
36 5
fi=(267) ./misc/../sysdeps/unix/sysv/linux/brk_call.h
-12 10
fe=(181)
+13 10
+1 10
+6 5
+1 5

fl=(85)
fn=(288)
29 1
fi=(263)
+7 5
fe=(85)
-7 1

fl=(251) ./libio/./libio/filedoalloc.c
fn=(1414) _IO_file_doallocate
78 11
+6 4
fi=(227)
1025 3
+1 2
fe=(251)
84 3
cfi=(225)
cfn=(1416)
calls=1 1147 
* 9
* 2
+2 4
+11 4
+4 2
cob=(3)
cfi=(154)
cfn=(1420)
calls=1 0 
* 193
* 1
+1 2
+2 4
cfi=(226)
cfn=(1422) _IO_setb
calls=1 329 
* 29
+1 1
+1 9
-15 1
fi=(268) ./libio/../include/sys/sysmacros.h
-44 6
fe=(251)
+44 1
-2 2
+5 2

fl=(173)
fn=(568)
238 10
+54 2
-54 2
+19 2
-19 8
+14 2
-14 6
+26 4
+31 8
+9 12
+2 4
+5 4
-1 2
+6 4
+4 4
+15 2
+10 8
-87 2
390 6
+1 6
+4 2
+56 10
+26 2
+1 2
-84 2
-1 2
+96 4
-5 6
+5 3
+1 9
-41 6
+2 12
+2 15
+7 4
+17 4
+4 9
+3 6
+11 4
+5 6
+1 2
+12 4
+11 10
+22 18
327 2
+15 4
-20 2
+5 2

fl=(204) ./stdio-common/./stdio-common/printf_buffer_to_file.c
fn=(954) __printf_buffer_to_file_init
108 4
+1 4
fi=(210) ./stdio-common/../include/printf_buffer.h
+18 4
fe=(204)
-18 4
fi=(210)
+28 4
-9 4
+9 4
-13 4
fe=(204)
-13 4
fi=(210)
+13 4
fe=(204)
-12 4
cfn=(956) __printf_buffer_to_file_switch
calls=4 -83 
* 52

fn=(956)
29 8
+1 40
+10 8
+1 8
+3 32
+1 8

fn=(1010) __printf_buffer_to_file_done
117 4
+1 12
-1 4
-64 4
+64 24
-66 16
+2 12
+69 4
-1 4
+1 16
-1 4
cfi=(229)
cfn=(1026)
calls=4 -96 
* 76
-56 8
cfn=(956)
calls=4 -36 
* 52
+1 4
-8 4
+1 4
fi=(269) ./stdio-common/../libio/libioP.h
1025 4
fe=(204)
58 4
+1 4
-1 4
fi=(269)
1025 8
+1 8
fe=(204)
59 8
cfi=(225)
cfn=(1012)
calls=4 1198 
* 6734
* 8

fl=(209) ./stdio-common/./stdio-common/_itoa.c
fn=(972) _itoa_word
169 32
+3 128
+2 64
+9 1842
+9 64

fl=(194)
fn=(874)
25 2
+2 6
+2 2
+2 4
-2 1
+2 8
-4 4
+6 6
+4 6
+6 2
-3 2
+3 2

fl=(216) ./stdlib/../sysdeps/x86_64/mul_1.S
fn=(988) __mpn_mul_1
31 136
+1 136
+3 136
+1 136
+1 136
+1 136
+1 136
+2 136
+1 136
+2 136
+1 136
+1 136
+1 136
+1 121
+2 121
+1 121
+1 121
+1 121
+26 15
+1 15
+1 15
+1 15
+1 15
+1 15
+1 15
+1 15
+1 15
+26 15
+1 15
+1 15
+2 15
+1 15
+1 15
+1 15
+1 15
+1 15
+2 15
+3 15
-5 121
+2 121
+3 121

fl=(103)
fn=(330)
65 1
-22 2
+1 1
-2 4
+2 2
+3 2
+4 3
+3 3
+11 1

fl=(132)
fn=(410)
33 1
fi=(118) ./string/../sysdeps/x86_64/multiarch/ifunc-strcpy.h
+5 2
+1 1
-1 2
+1 2
+3 2
+4 3
+3 3
fe=(132)
-16 1

fl=(89)
fn=(296)
29 1
fi=(90) ./string/../sysdeps/x86_64/multiarch/ifunc-memset.h
+25 5
+3 3
+7 2
+9 2
+2 2
+10 2
+8 2
+3 5
fe=(89)

fl=(104)
fn=(332)
29 1
fi=(105) ./debug/../sysdeps/x86_64/multiarch/ifunc-memset.h
+25 5
+3 3
+7 2
+9 2
+2 2
+10 2
+8 2
+3 5
fe=(104)

fl=(123)
fn=(378)
31 2
fi=(124) ./wcsmbs/../sysdeps/x86_64/multiarch/ifunc-wmemset.h
+5 10
+1 6
fe=(123)
-6 2

fl=(120)
fn=(370)
31 1
fi=(84) ./string/../sysdeps/x86_64/multiarch/ifunc-avx2.h
+9 3
-2 4
fe=(120)
-7 2
fi=(84)
+10 2
+1 3
+3 2
+4 3
+3 5
fe=(120)

fl=(188)
fn=(708)
206 53
+24 53
+5 53
+14 53
+25 53
+1 53
+1 53
+2 53
+1 53
+4 46
+4 46
+2 46
+2 46
+3 46
+2 46
+1 46
+11 46
+10 46
+1 46
+3 46
+4 92
+5 46
+1 46
+1 46
957 34
+1 34
+1 34
+1 34
+2 34
+3 34
+1 34
+4 14
+1 14
+9 2
+4 2
+1 2
+8 7
+1 7
+1 7
+1 7
+1 7
+1 7
+2 7
+47 7
+1 7
+3 7
+1 7
+1 7
+3 14
+7 7
+1 7
+1 7
+1 7
+10 20
+1 20
+3 5
+1 5
+1 5
+1 5
+6 5
+2 5
+3 5
+1 5

fl=(224) ./stdlib/./stdlib/divrem.c
fn=(1008) __mpn_divrem
46 938
+3 134
234 603
62 67
+1 67
-16 67
+18 134
+7 360
+1 53
-1 106
+1 106
-1 106
+4 134
+3 67
+2 67
-13 3
-1 3
+1 3

fl=(141)
fn=(1040)
33 27
+1 54
+2 108
+1 27

fn=(440)
42 1
fi=(270) ./time/../sysdeps/unix/sysv/linux/dl-vdso.h
-2 2
+1 2
fe=(141)
+1 2

fl=(169)
fn=(558)
28 2
+3 1
-3 6
+3 6
+8 7
+2 5

fl=(186)
fn=(638)
35 1
+2 3
-1 1
+2 1
-10 2
-1 2
+2 1
-1 3
+1 31
-1 93
+10 1
-1 3
+3 2

fl=(201) ./setjmp/./setjmp/sigjmp.c
fn=(944) __sigjmp_save
28 192
+2 64
-1 32
+5 128

fl=(243)
fn=(1222)
52 31
+2 31
+1 31
+1 31
+3 31
+1 31
+3 31
+2 31
+4 31
+3 31
+1 31
+1 31
+1 31
+1 31
+5 31
+2 62
+1 62
+1 62
+2 31
+8 31
+3 31
+1 31
+1 31
cfi=(231)
cfn=(1230) start_thread
calls=31 338 
* 9426801222

fl=(83)
fn=(284)
31 2
fi=(84)
+9 6
-2 8
fe=(83)
-7 4
fi=(84)
+10 4
+1 6
+3 4
+4 6
+3 10
fe=(83)

fl=(133)
fn=(414)
29 1
fi=(99)
+28 3
-1 2
+4 3
+14 2
+3 2
+8 2
+8 2
+3 5
fe=(133)

fl=(106)
fn=(336)
28 1
fi=(84)
+12 3
-2 4
fe=(106)
-10 2
fi=(84)
+13 2
+1 3
+3 2
+4 3
+3 5
fe=(106)

fl=(153) ./nptl/./nptl/pthread_mutex_conf.c
fn=(476) __pthread_tunables_init
55 2
+1 2
-1 2
+1 2
-1 4
+1 1
cob=(3)
cfi=(154)
cfn=(478)
calls=1 -56 
* 26
+2 4
cob=(3)
cfi=(154)
cfn=(478)
calls=1 -58 
* 25
+2 4
cob=(3)
cfi=(154)
cfn=(478)
calls=1 -60 
* 26
+2 6

fl=(211) ./stdio-common/./stdio-common/printf_fp.c
fn=(996) hack_digit
88 176
+3 44
-3 44
+3 102
+2 44
+2 88
-2 88
+8 62
+21 81
cfi=(216)
cfn=(988)
calls=27 -91 
* 567
+1 54
+1 110
+4 135
-23 186
cfi=(224)
cfn=(1008)
calls=31 -59 
* 1380
+2 31
-2 31
+2 93
+3 31
-2 31
+2 31
+1 124
+1 8
-1 66
+11 27
-4 54
-23 13
+1 39
-1 13
+1 13
cfi=(216)
cfn=(988)
calls=13 -65 
* 273
+31 13
-31 13
+32 65
-37 42
+27 4
-1 4
+11 20

fn=(980) __printf_fp_buffer_1.isra.0
138 306
+21 17
+18 17
+10 17
-28 119
+62 34
1030 187
226 51
+4 119
+36 17
+5 17
-49 17
+44 68
+1 17
+1 34
+3 221
+1 17
-1 17
+1 51
-1 17
+1 34
-1 17
+1 136
+1 17
-1 34
+1 221
+6 17
-6 34
+7 34
+17 7
+4 28
-4 14
+16 14
+11 7
-41 7
+10 7
+31 7
-30 49
+33 21
+41 7
+1 7
-1 7
+1 21
fi=(223)
29 7
cob=(3)
cfi=(154)
cfn=(966)
calls=7 -29 
* 91
fe=(211)
385 49
+18 4
-9 4
+2 8
-2 77
+2 154
-74 168
-4 84
+4 343
-4 7
+4 28
+15 14
-13 28
+53 7
-2 42
cfi=(215) ./stdlib/./stdlib/mul.c
cfn=(986) __mpn_mul
calls=7 48 
* 539
+5 14
+1 14
fi=(223)
29 20
fe=(211)
388 20
fi=(223)
29 10
cob=(3)
cfi=(154)
cfn=(966)
calls=10 -29 
* 130
fe=(211)
389 30
+1 30
+1 10
+3 10
-4 10
-1 10
+1 10
+1 30
+5 20
+1 14
+6 14
+4 7
+4 7
-4 7
+4 21
-4 75
+6 12
665 17
+9 17
-9 17
+9 17
+6 17
-15 17
+9 34
+6 17
-6 34
+2 34
+10 34
+20 10
+1 5
-13 5
+13 10
+1 2
+13 4
+7 1
+3 2
-11 1
+11 1
-3 1
+3 2
-3 1
+10 1
-7 1
+7 2
-10 4
+3 8
-11 4
+11 4
-3 4
+3 8
-3 4
+10 4
-7 4
+7 20
+8 34
fi=(219) ./stdio-common/../sysdeps/pthread/allocalim.h
27 17
fe=(211)
746 17
fi=(219)
27 17
cfi=(218) ./nptl/./nptl/alloca_cutoff.c
cfn=(992) __libc_alloca_cutoff
calls=17 * 
* 187
+2 34
fe=(211)
759 238
fi=(219)
29 17
fe=(211)
759 51
+4 17
-3 34
+3 48
+3 30
+7 60
+2 18
-4 9
+4 9
+14 18
-2 9
+1 45
+1 9
+1 18
-1 16
-2 8
+1 40
+1 8
+1 16
-1 93
+1 306
91 93
792 93
+2 93
91 270
+2 81
+2 162
-2 162
+8 72
+4 216
cfi=(224)
cfn=(1008)
calls=36 -59 
* 1638
+2 36
+4 36
-6 36
+2 108
+1 36
+2 72
+1 144
+7 36
+4 108
cfi=(216)
cfn=(988)
calls=36 -91 
* 756
+1 72
+1 145
793 29
+1 58
-1 52
+1 104
+1 186
230 102
cfi=(213) ./stdlib/../sysdeps/ieee754/dbl-64/dbl2mpn.c
cfn=(982) __mpn_extract_double
calls=17 33 
* 376
* 68
+4 17
382 21
91 210
793 12
+3 111
95 45
+1 135
-1 90
+1 45
cfi=(216)
cfn=(988)
calls=45 -65 
* 945
* 45
+31 135
790 3
+15 85
+1 51
cfn=(996)
calls=17 88 
* 1314
+2 34
-2 17
+2 85
+2 18
+3 10
+5 8
-8 8
+8 30
-9 2
fi=(220) ./stdio-common/../sysdeps/generic/get-rounding-mode.h
94 2
+1 8
-1 15
+1 111
fi=(221) ./stdio-common/../include/rounding-mode.h
-37 6
fe=(211)
935 11
-11 29
+3 20
-1 20
-2 82
+7 46
+1 6
+3 34
+45 85
+3 34
+8 34
-4 17
+4 17
+5 34
-9 68
+9 68
fi=(210)
163 51
fe=(211)
999 68
+2 51
+5 34
fi=(210)
163 51
fe=(211)
1009 51
+13 68
cfi=(206)
cfn=(964)
calls=17 27 
* 920
+2 51
+4 51
483 20
655 9
+4 6
cfi=(214)
cfn=(984)
calls=3 28 
* 48
* 3
+1 15
+1 6
385 42
cfi=(222) ./stdlib/./stdlib/cmp.c
cfn=(1004) __mpn_cmp
calls=14 31 
* 173
* 28
+3 20
fi=(221)
52 46
fe=(211)
835 6
-5 12
+5 30
+2 1
-2 5
+3 2
+2 18
+2 12
+2 12
+80 18
-69 12
+80 6
-11 18
766 30
-35 30
-43 24
+1 48
+3 36
+2 6
+2 12
+42 12
-31 8
+15 4
-1 8
+1 16
994 68
+2 34
706 10
308 7
-2 7
+2 7
-3 7
+3 28
-3 14
cfi=(214)
cfn=(984)
calls=7 28 
* 112
+4 14
-4 7
+4 49
+1 14
+1 55
766 30
+3 20
cfn=(996)
calls=10 88 
* 947
* 34
cfn=(996)
calls=17 88 
* 1939
* 27
-3 91
+8 23
-3 3
+10 7
+2 7
669 14
782 7
-1 7
+2 21
+27 3
407 1
+6 2
+86 21
cfi=(214)
cfn=(984)
calls=7 28 
* 112
+1 35
+1 14
+3 7
-8 7
+7 7
+1 7
-18 7
+18 14
+2 7
+21 14
+4 7
-4 21
+4 7
-4 7
+5 7
-1 14
+1 7
+1 14
-2 7
+2 7
-2 7
+2 7
+2 14
+5 28
+22 15
+61 81
-2 81
+2 316
509 81
+2 162
+7 7
+1 14
-1 7
+2 7
-2 7
+4 7
-4 14
+6 28
cfi=(215)
cfn=(986)
calls=7 48 
* 539
* 7
+18 4
+4 4
-2 2
+2 8
+16 6
+2 4
+1 1
+1 3
+5 2
-1 1
+1 2
-1 1
+6 2
+3 3
-3 10
+3 15
+34 18
cfi=(217) ./stdlib/../sysdeps/x86_64/rshift.S
cfn=(990) __mpn_rshift
calls=6 28 
* 108
+3 18
+7 12
-53 5
+1 15
-1 5
+1 5
+4 15
+72 21
+54 12
-12 18
1003 34
625 8
+4 5
cfi=(216)
cfn=(988)
calls=1 31 
* 33
+1 1
+1 1
-1 1
+1 2
+3 1
-1 1
+1 1
-1 1
+3 1
-2 4
+9 1
+1 1
-1 1
+2 2
439 12
+3 53
+16 18
+2 6
-2 6
cfi=(217)
cfn=(990)
calls=6 28 
* 108
+3 12
-1 6
+1 6
-1 6
+1 18
cfi=(217)
cfn=(990)
calls=6 28 
* 108
+2 36
+14 14
-4 1
-21 2
+19 1
-1 3
+1 1
-1 3
cfi=(217)
cfn=(990)
calls=1 28 
* 18
+4 3
-1 1
+1 3
cfi=(217)
cfn=(990)
calls=1 28 
* 18
+3 1
+1 5
-1 3
-47 1
+4 1
-5 1
+5 6
694 48
-52 1
cfi=(217)
cfn=(990)
calls=1 28 
* 18
+3 2
834 10
580 12
+7 18
+3 24

fn=(976) __printf_fp_l_buffer
1099 204
+3 17
-3 119
+3 34
+13 34
+2 17
-2 17
cob=(3)
cfi=(154)
cfn=(746)
calls=17 0 
* 272
* 34
+1 85
+31 187
-30 34
fi=(212) ./stdio-common/../include/../locale/localeinfo.h
331 34
fe=(211)
1111 17
fi=(212)
331 17
fe=(211)
1112 34
+10 119
cfn=(980)
calls=17 138 
* 24366
+4 17

fl=(200)
fn=(942)
31 32
+2 32
+9 32
+1 64
+1 32
+4 32
+1 32
+1 32
+1 32
+1 32
+2 64
+2 32
+1 32
+1 32
+2 64
+2 32
+5 32
+1 32
+17 32
cfi=(201)
cfn=(944)
calls=32 -57 
* 416

fl=(202)
fn=(950)
27 21
+4 1
+1 2
-1 5
+1 1
cfi=(203) ./stdio-common/./stdio-common/vfprintf-internal.c
cfn=(952) __vfprintf_internal
calls=1 1522 
* 7333
+4 5

fl=(217)
fn=(990)
28 21
+1 21
+1 21
+1 21
+13 21
+1 21
+16 21
+1 21
+1 21
+1 21
+1 21
+1 21
+1 21
+5 21
+1 21
+1 21
+1 21
+1 21

fl=(92)
fn=(304)
29 1
fi=(93)
+28 3
-1 2
+4 3
+14 2
+3 2
+8 2
+8 2
+3 5
fe=(92)

fl=(150) ./ctype/./ctype/ctype-info.c
fn=(470) __ctype_init
29 32
+2 224
+2 128
+2 128
+1 32

fl=(252)
fn=(1418)
30 1
+9 4
+33 1

fl=(253) ./nptl/./nptl/cancellation.c
fn=(1428) __pthread_enable_asynccancel
31 3
+1 3
+1 6
+4 6
+2 6
+3 12
fi=(254) ./nptl/../nptl/descr.h
439 6
fe=(253)
45 6
+11 6

fn=(1432) __pthread_disable_asynccancel
63 3
+3 9
+5 9
+3 3
+2 3
-2 3
+2 6
+7 9

fl=(207)
fn=(1442)
242 2
+1 2
+1 2
+1 2
+17 2
+1 2
+2 2
+1 2
+1 2
375 2
+1 2
+1 2
+1 2
+1 2
+1 2
+1 4
+5 2
+1 2
+5 2
+1 2
+2 2
+1 2
+1 2

fn=(968)
255 116
+1 116
+6 116
+1 116
+2 3
+1 3
+1 3
+3 3
+1 3
+1 3
+3 6
+30 113
+1 113
+2 64
+1 64
+2 50
+4 50
+1 16
+1 16
+1 16
+1 16
+1 12
+1 12
+2 12
+2 12
-2 4
+2 4
+6 34
+1 34
+1 34
+1 34
+1 34
+7 49
+1 49
+1 49
+1 49
+2 49
+17 14
+1 14
+1 14
+1 14
+1 14

fl=(237)
fn=(1206)
77 31
+3 93
+2 31
+2 62
-7 124
+11 62
+91 31
+3 31
+2 31
+3 31
-63 31
+66 93
-93 62
+11 124
+4 31
+3 62
-71 31
+1 124
+85 93
+1 62
-83 124

fl=(160)
fn=(518)
53 1
+1 1
+1 1
+2 1
+1 1
+4 1
+1 1
+1 1
+3 1
+2 1
+1 1
+1 1
+1 1
+3 1
+1 1
+2 1
+1 1
+1 1
+1 1
+1 1
+9 2

fl=(107)
fn=(340)
30 1
fi=(101) ./wcsmbs/../sysdeps/x86_64/multiarch/ifunc-avx2.h
+10 3
-2 4
fe=(107)
-8 2
fi=(101)
+11 2
+1 3
+3 2
+4 3
+3 5
fe=(107)

fl=(228)
fn=(1024)
25 4
+1 12
+1 1
-2 18
+1 3
cfi=(253)
cfn=(1428)
calls=3 +5 
* 54
* 33
cfi=(253)
cfn=(1432)
calls=3 +37 
* 45
* 3
+1 6

fl=(125)
fn=(382)
29 1
fi=(118)
+9 2
+1 1
-1 2
+1 2
+3 2
+4 3
+3 3
fe=(125)
-20 1

fl=(226)
fn=(1212) _IO_enable_locks
518 1
+3 3
1044 1
523 1
+1 3
+1 1
1058 1
524 2
+1 2
1058 2
524 4
+2 1

fn=(1424)
371 11
+3 4
fi=(227)
1025 1
fe=(226)
373 2
+26 275
fi=(227)
1025 182
+1 182
fe=(226)
399 364
cfi=(225)
cfn=(1014)
calls=91 732 
* 3710
* 182
+2 91
-2 91
-20 368
-4 1
+29 8

fn=(1016)
343 2
+1 4
-1 14
+3 9
+1 1
fi=(227)
1025 3
+1 2
fe=(226)
347 2
cfi=(251)
cfn=(1414)
calls=1 78 
* 295
* 2
-10 1
-5 1
+1 1
+4 1
+13 12
-1 2
-19 1

fn=(1422)
329 11
+1 4
+5 2
-3 1
+3 2
-2 1
+2 2
+3 6

fl=(245)
fn=(1234)
26 372
+4 31
+1 62
-1 155
+1 31
cfi=(246) ./libio/./libio/vsnprintf.c
cfn=(1236) __vsnprintf_internal
calls=31 +62 
* 15810
+4 155

fl=(176)
fn=(594) _int_malloc
3846 484
1326 88
+19 263
3887 86
1794 43
3914 86
+65 2
-63 4
+3 1
+2 2
+56 84
+62 135
+1 24
+20 44
-1 44
-1 44
+1 88
+1 88
-2 86
+12 220
3887 2
+27 2
+66 36
+2 36
-2 36
+2 72
-68 3
1345 1
3919 2
+2 2
+9 6
4487 528
4257 132
+2 24
+3 8
-3 8
+3 16
+1 44
+71 132
-4 44
+1 44
+1 44
-1 44
+1 44
+1 88
+1 132
+5 176
+4 132
+3 148
-3 111
+3 144
-3 108
+3 140
-3 70
4443 44
+1 88
+2 88
+3 132
+17 16
4070 34
-91 204
2552 4
+12 4
-12 20
+12 4
4460 132
cfn=(602) alloc_perturb
calls=44 1985 
* 176
+1 44
-9 80
+2 80
-1 40
+1 40
-3 40
+3 40
+2 40
-2 160
+2 40
+3 80
2553 4
+36 12
+1 4
-1 4
+1 4
+9 34
+6 9
+3 12
2921 12
+1 4
+4 4
+4 20
+5 4
-2 4
+5 4
-3 8
-3 4
+2 4
+1 4
+1 4
-1 12
+1 4
4482 4
2669 12
+8 8
+1 12
+13 4
+2 4
-2 8
+8 20
+8 8
+48 4
+40 3
+19 2
+3 2
+1 6
+2 1
+1 5
cfi=(179)
cfn=(596)
calls=1 25 
* 33
+12 4
-12 1
+12 1
2008 4
3882 1
2873 1
+3 1
-1 1
+1 4
+12 1
-11 1
+11 2
2783 1
-1 2
2017 2
2745 1
+1 1
+6 3
-6 1
+6 3
-6 3
+6 9
-6 3
+6 15
+1 18
-44 12
cfi=(179)
cfn=(596)
calls=4 25 
* 211
+1 8
-1 4
+1 4
2008 4
2711 4
2008 12
2712 4
+3 8
+29 24

fn=(672)
3699 64
+10 32
-10 224
+10 256
+8 64
+3 96
+2 64
+3 248
+7 31
+8 31
-7 62
+7 62
+14 93
cfn=(594)
calls=31 +92 
* 4340
+2 222
fi=(177) ./malloc/./malloc/arena.c
153 64
fe=(176)
3732 1
+1 1
+21 2
-21 2
+21 1
cfn=(594)
calls=1 +92 
* 143
+2 2
+13 124
+15 31
+3 124
+9 32
-12 32
+12 64
+3 160
+8 32
+2 64
+2 64
-55 96
+3 65
+78 32
fi=(182) ./malloc/../string/bits/string_fortified.h
59 64
fe=(176)
3837 192
fi=(182)
59 32
cob=(3)
cfi=(154)
cfn=(626)
calls=32 -59 
* 1199
fe=(176)

fn=(582)
3294 80
+7 20
1326 18
+19 49
3311 18
+2 40
+3 18
+10 20
+8 8
+2 3
cfn=(594)
calls=1 3846 
* 130
+3 2
+8 4
+4 3
fi=(177)
153 3
fe=(176)
3351 2
+3 60
3248 4
cfn=(592) tcache_init.part.0
calls=1 -6 
* 473
+68 2
+1 4
+1 12
+10 36
cfn=(594)
calls=9 3846 
* 1695
+1 45
fi=(177)
153 18
264 1
cfn=(586) ptmalloc_init.part.0
calls=1 -2 
* 1151
fe=(176)
1326 2

fn=(592)
3242 4
+9 8
+1 3
cfn=(594)
calls=1 3846 
* 359
+1 2
+8 4
+9 1
fi=(182)
59 2
fe=(176)
3270 1
fi=(182)
59 86
fe=(176)
3274 3

fn=(1096) _int_memalign
5039 8
1326 2
+19 8
5069 3
cfn=(594)
calls=1 3846 
* 128
+2 2
-2 1
+2 1
+5 1
-2 1
+2 3
+37 3
+2 2
+1 1
+1 1
+1 2
+2 1
+2 1
-5 1
+4 2
+20 9
-11 1
-1 1
+1 2
4714 2
5134 3
cfn=(1098) _int_free_maybe_consolidate
calls=1 4770 
* 36
+6 1
4756 1
+1 3
+1 2

fn=(1094) _mid_memalign.isra.0
3575 7
+6 2
+4 2
1326 2
+19 5
3615 3
+2 2
+21 2
+24 6
-72 3
+8 3
+42 5
cfn=(1096)
calls=1 5039 
* 233
+1 5
fi=(177)
153 2
fe=(176)
3643 2

fn=(1150)
3407 11
+6 2
+4 2
3538 1
3425 1
3538 6
3425 1
cfn=(582)
calls=1 3294 
* 187
-1 2

fn=(1098)
4770 11
+6 2
+22 11
-20 4
+3 3
+3 5

fn=(602)
1985 132
+2 44

fn=(1092)
3543 1
+1 2
+4 1
cfn=(1094)
calls=1 +27 
* 284

fl=(196)
fn=(918)
242 13
+69 3
+1 3
cfi=(197)
cfn=(920)
calls=1 67 
* 72
+25 6
+6 2
-3 2
+10 2
cob=(3)
cfi=(154)
cfn=(934)
calls=1 0 
* 7
+2 2
+8 4
cfi=(198)
cfn=(938)
calls=1 29 
* 350121756
128 2
+6 3
+1 6
cob=(3)
cfi=(154)
cfn=(924)
calls=1 0 
* 7
* 1
+3 1
+1 2
+3 2
+1 2
-1 1
+2 7
+1 4
cob=(6)
cfi=(195)
cfn=(928)
calls=1 0 
* 12
-1 4

fl=(249)
fn=(1410)
28 66
+4 3
+1 6
-1 3
+1 3
-1 6
+1 3
-1 6
+1 9
cfi=(203)
cfn=(952)
calls=3 1522 
* 29979
+4 15

fl=(116)
fn=(360)
60 1
-17 2
-1 4
+2 3
+2 2
+4 3
+10 1

fl=(136)
fn=(422)
29 1
fi=(263)
+7 5
fe=(136)
-7 1

fl=(222)
fn=(1004)
31 14
+4 32
+2 15
+1 15
+1 30
+8 65
-5 1
+6 1

fl=(86)
fn=(290)
79 1
-31 2
+1 1
-2 4
+2 2
+3 2
+4 3
+3 3
+20 1

fl=(170)
fn=(560)
25 1
+1 4
+1 1

fl=(184)
fn=(624)
30 2
+3 6
+2 2
-5 2
+9 4
fi=(266)
+20 1
fe=(184)
-29 1
fi=(266)
+29 1
cob=(3)
cfi=(154)
cfn=(626)
calls=1 -59 
* 18
fe=(184)
-18 1
+1 2

fl=(193)
fn=(836)
27 32
+1 128
+2 32

fl=(231)
fn=(1190)
626 496
+6 62
+13 124
-2 31
-2 31
fi=(234)
219 31
cfi=(193)
cfn=(836)
calls=31 27 
* 186
fi=(233) ./nptl/./nptl-stack.h
61 31
fi=(234)
219 62
fi=(233)
61 31
fi=(234)
219 31
fi=(233)
61 217
fi=(234)
223 31
fi=(233)
61 31
fi=(234)
223 62
+5 93
329 62
+4 62
-4 31
+4 31
+10 186
+4 62
fe=(231)
897 62
+4 403
fi=(234)
347 124
+5 93
+1 31
-2 62
66 124
329 31
74 31
329 62
-1 62
74 93
477 93
+29 155
+26 31
fe=(231)
755 31
fi=(234)
547 31
fe=(231)
674 31
fi=(234)
558 31
-11 31
+11 31
+5 31
-26 31
+21 31
-11 31
fe=(231)
677 31
+12 31
fi=(234)
558 31
fe=(231)
683 31
fi=(234)
542 31
+21 31
fe=(231)
+81 31
fi=(234)
-97 31
fe=(231)
689 31
-6 31
+1 31
+1 31
+4 31
-5 31
fi=(234)
545 31
fe=(231)
688 31
+2 93
+4 31
+1 31
+8 31
-8 93
+5 62
+3 31
-3 31
-11 31
+11 31
+3 62
+5 31
+1 31
-1 31
+1 31
+4 62
+5 62
fi=(271) ./nptl/../sysdeps/x86/nptl/tls-setup.h
22 62
fe=(231)
730 62
+21 62
+4 62
+2 31
+10 31
fi=(244) ./nptl/../sysdeps/unix/sysv/linux/internal-signals.h
81 155
fe=(231)
772 62
fi=(244)
81 62
fe=(231)
780 93
fi=(240) ./nptl/../sysdeps/unix/sysv/linux/internal-sigset.h
34 31
fe=(231)
609 124
836 186
cfn=(1216) create_thread
calls=31 236 
* 3652
fi=(244)
89 93
fe=(231)
836 31
fi=(244)
89 93
fe=(231)
843 62
+40 62
+10 62
83 2
-2 1
+2 1
fi=(272) ./nptl/../sysdeps/unix/sysv/linux/sigsetops.h
-29 1
fe=(231)
+27 1
+1 1
+1 1
cfi=(232) ./signal/../sysdeps/unix/sysv/linux/libc_sigaction.c
cfn=(1192) __libc_sigaction
calls=1 -40 
* 52
+7 2
fi=(272)
+14 1
fe=(231)
-14 1
fi=(272)
+14 1
fe=(231)
-14 3
638 1
-3 1
+3 33
fi=(234)
232 93
+1 31
+1 124
+4 62
fe=(231)
791 62
fi=(240)
102 31
+1 31
fi=(234)
-4 124
366 341
cfi=(235)
cfn=(1198)
calls=31 47 
* 806
+3 93
-3 31
+3 31
+5 124
+6 62
+5 62
+1 31
+9 62
170 62
-4 93
+4 31
cfi=(236) ./misc/../sysdeps/unix/syscall-template.S
cfn=(1200) mprotect
calls=31 -53 
* 186
* 124
407 31
+1 31
+21 31
-18 31
-4 31
+9 62
+3 31
+7 31
-18 31
+3 31
+18 31
cob=(3)
cfi=(154)
cfn=(1202)
calls=31 0 
* 18507
* 124
fe=(231)
663 1
+89 1
cfi=(226)
cfn=(1212)
calls=1 518 
* 22
* 2
fi=(234)
442 124
+3 217
cfi=(239)
cfn=(1210)
calls=31 43 
* 434
+2 186
+7 155
-88 62
fe=(231)

fn=(1216)
236 372
+4 155
+4 62
+3 62
+1 62
+42 31
-3 31
+10 31
-10 31
+10 62
-10 279
+10 31
cfi=(241)
cfn=(1218)
calls=31 97 
* 1854
+1 62
+5 31
+6 62
+12 62
+11 31
+1 341

fn=(1230)
338 341
+7 62
+22 124
+3 31
cfi=(150)
cfn=(470)
calls=31 29 
* 527
+3 93
cfi=(234)
cfn=(1232)
calls=31 587 
* 18545
+4 31
fi=(248) ./nptl/../sysdeps/unix/sysv/linux/rseq-internal.h
32 62
+8 31
fe=(231)
388 155
+17 62
cfi=(199)
cfn=(940)
calls=31 28 
* 1178
* 31
+14 31
-14 31
+18 31
-4 31
+4 155
+3 62
+3 62
+2 31
fi=(244)
89 124
fe=(231)
431 31
fi=(244)
89 31
fe=(231)
433 31
+4 62
+10 93
cob=(5)
cfi=(162)
cfn=(1242)
calls=31 0 
* 9426779143

fl=(175)
fn=(572)
25 1
+1 4
+1 1

fl=(183)
fn=(616)
23 1
+2 2

fl=(232)
fn=(1192)
43 8
+5 2
+2 1
fi=(273) ./signal/../string/bits/string_fortified.h
-21 1
fe=(232)
+29 1
fi=(273)
-29 2
fe=(232)
+21 1
+3 1
fi=(273)
-24 3
fe=(232)
+24 1
fi=(273)
-24 3
fe=(232)
+24 2
fi=(273)
-24 1
fe=(232)
+29 1
-5 1
+5 3
fi=(273)
-29 6
fe=(232)
+29 6
+5 2
+8 6

fl=(155) ./nptl/../sysdeps/unix/sysv/linux/x86/elision-conf.c
fn=(480) __lll_elision_init
92 2
+4 1
-4 2
+4 2
-4 1
+4 1
-4 3
+4 1
cob=(3)
cfi=(154)
cfn=(478)
calls=1 -96 
* 26
+2 4
cob=(3)
cfi=(154)
cfn=(478)
calls=1 -98 
* 26
+2 4
cob=(3)
cfi=(154)
cfn=(478)
calls=1 0 
* 26
+2 4
cob=(3)
cfi=(154)
cfn=(478)
calls=1 0 
* 26
+2 4
cob=(3)
cfi=(154)
cfn=(478)
calls=1 0 
* 26
+3 3
+1 1
+1 6

fl=(242)
fn=(1220)
42 1
+2 1
+1 1
+1 1
+1 1
+1 1
+4 1
+3 1
+5 1
+2 1
+1 1
+23 5

fl=(218)
fn=(992)
27 17
+1 153
+7 17

fl=(238)
fn=(1208)
367 31
51 93
+1 62
367 93
57 62
+8 31
-3 31
-23 31
+1 124
+30 31
+2 31
369 62
43 124
+31 62
+6 124
+4 93
+3 62

fl=(191)
fn=(774)
28 2
+1 10
cfi=(189)
cfn=(744)
calls=2 -5 
* 608

fl=(127)
fn=(394)
29 1
fi=(84)
+11 3
-2 4
fe=(127)
-9 2
fi=(84)
+12 2
+1 3
+3 2
+4 3
+3 5
fe=(127)

fl=(151) ./resource/../sysdeps/unix/sysv/linux/getrlimit64.c
fn=(472) getrlimit
38 2
+1 7
+1 1

fl=(94)
fn=(308)
29 1
fi=(93)
+28 3
-1 2
+4 3
+14 2
+3 2
+8 2
+8 2
+3 5
fe=(94)

fl=(149)
fn=(468)
33 9
+2 1
cfi=(150)
cfn=(470)
calls=1 -6 
* 17
+3 1
fi=(152) ./elf/../sysdeps/nptl/pthread_early_init.h
-5 2
fe=(149)
+8 1
-3 1
+3 1
fi=(152)
-8 1
cfi=(151)
cfn=(472)
calls=1 +5 
* 10
* 3
+1 1
+4 5
+7 1
fi=(274) ./elf/../nptl/nptl-stack.h
+16 3
fi=(152)
-16 1
fi=(274)
+16 2
fi=(152)
-7 1
fi=(274)
+7 3
fi=(152)
-9 1
-6 1
+2 2
+4 4
+1 1
+3 1
cfi=(153)
cfn=(476)
calls=1 -1 
* 104
fe=(149)
-9 3
+2 2
-2 1
cfi=(155)
cfn=(480)
calls=1 +45 
* 169

fl=(158)
fn=(512)
46 6
+5 2
+4 5
+8 1
-2 1
+10 1
-9 1
+1 1
+9 3
-1 1
cfi=(159) ./misc/./misc/init-misc.c
cfn=(514) __init_misc
calls=1 -41 
* 50

fl=(161)
fn=(520)
545 1
+1 4
+1 3
+1 3
+2 1

fl=(203)
fn=(958) __printf_buffer
600 420
fi=(275) ./stdio-common/./stdio-common/printf-parse.h
82 35
fe=(203)
600 70
fi=(275)
82 35
fe=(203)
600 35
+27 105
+11 35
-11 35
+11 35
-11 35
+11 70
fi=(275)
82 35
cob=(3)
cfi=(154)
cfn=(960)
calls=35 -82 
* 735
fe=(203)
653 70
+1 35
fi=(275)
82 70
fe=(203)
654 35
-1 35
cfi=(206)
cfn=(964)
calls=35 27 
* 1689
+2 105
+4 70
+4 280
-32 35
973 35
642 35
973 70
634 35
+71 196
1044 385
705 98
-13 49
+7 49
+6 98
-14 49
-4 49
+18 49
-10 49
+10 49
-7 49
-4 49
+11 98
-19 49
-1 49
+20 49
-12 49
-9 49
-1 49
+22 49
-15 98
891 34
+82 34
+3 578
+20 187
+1 17
263 17
+1 17
997 17
744 17
264 34
744 17
263 34
1024 49
fi=(275)
82 49
fe=(203)
1018 49
fi=(275)
82 98
cob=(3)
cfi=(154)
cfn=(960)
calls=49 -82 
* 1056
fe=(203)
1028 98
+1 49
fi=(275)
82 49
fe=(203)
1029 49
-1 49
cfi=(206)
cfn=(964)
calls=49 27 
* 1594
+3 140
784 31
fi=(208) ./stdio-common/./stdio-common/vfprintf-process-arg.c
126 62
+75 31
92 31
+1 31
+1 31
201 62
-65 64
+19 416
cfi=(209)
cfn=(972)
calls=32 +14 
* 2130
+11 64
-11 64
+11 128
-5 256
+25 160
+15 64
-4 96
+2 96
+2 64
+7 32
-2 64
+2 96
+3 64
+13 64
fi=(210)
-61 64
fi=(208)
+70 64
+3 64
128 62
+8 32
+2 64
fe=(203)
876 12
-5 108
-1 12
+1 96
+12 31
fi=(208)
66 31
+1 32
-18 1
-1 2
201 3
58 2
-23 1
+22 2
161 32
+9 64
+17 32
+8 32
-8 32
+12 32
-12 32
+8 128
-8 192
+53 128
cfi=(206)
cfn=(964)
calls=32 27 
* 1763
* 32
130 62
+1 248
fe=(203)
266 17
cfi=(211)
cfn=(976)
calls=17 1099 
* 25658
1001 17
fi=(210)
163 64
fi=(208)
50 2
+2 2
+1 8
fe=(203)

fn=(952)
1522 52
+3 22
+4 20
+11 8
+11 12
+5 12
cfi=(204)
cfn=(954)
calls=3 108 
* 72
+3 15
cfn=(958)
calls=3 600 
* 22831
+1 6
cfi=(204)
cfn=(1010)
calls=3 117 
* 6729
+3 6
+1 6
+3 44
-42 4
+38 12
-12 12
cfi=(250)
cfn=(1412)
calls=3 24 
* 39
+1 21
-30 6
+30 27
+12 9
cfi=(250)
cfn=(1434)
calls=3 54 
* 27
* 3
+2 3
-3 18
-20 4
cfi=(204)
cfn=(954)
calls=1 108 
* 24
+1 5
cfn=(958)
calls=1 600 
* 6955
+1 2
cfi=(204)
cfn=(1010)
calls=1 117 
* 305
* 1

fl=(165)
fn=(548)
32 12
+1 3
fi=(166) ./posix/../sysdeps/unix/sysv/linux/x86/../sysconf.c
+16 10
fe=(165)
-12 10
fi=(167) ./posix/../sysdeps/posix/sysconf.c
+23 11
630 1
cfi=(168)
cfn=(554)
calls=1 230 
* 418
* 2
fe=(165)

fl=(100)
fn=(390)
31 1
fi=(97)
+9 3
-1 4
+2 3
+3 2
+4 4
fe=(100)
-17 1

fn=(324)
31 2
fi=(101)
+9 6
-2 8
fi=(102) ./wcsmbs/../sysdeps/x86_64/multiarch/wcschr.c
-7 4
fi=(101)
+10 4
+1 6
+3 4
+4 6
+3 10
fe=(100)

fl=(108)
fn=(344)
31 1
fi=(109)
+4 5
+1 3
+3 2
+4 3
+3 4
fe=(108)
-15 1

fl=(236)
fn=(1200)
117 155
+5 31

fl=(117)
fn=(362)
29 1
fi=(118)
+9 2
+1 1
-1 2
+1 2
+3 2
+4 3
+3 3
fe=(117)
-20 1

fl=(246)
fn=(1236)
93 155
fi=(276) ./libio/../include/printf_buffer.h
+31 31
fe=(246)
-31 62
fi=(276)
+31 31
fe=(246)
-31 186
fi=(276)
+44 31
-13 31
+13 31
-10 31
+1 31
fe=(246)
-65 62
+3 31
+30 93
cfi=(203)
cfn=(958)
calls=31 600 
* 14043
-21 93
+1 31
+11 62
cfi=(229)
cfn=(1026)
calls=31 -62 
* 589
+11 186

fl=(139)
fn=(432)
31 1
fi=(114)
+6 2
-1 4
fe=(139)
-5 2
fi=(114)
+7 3
+3 2
+4 3
+3 4
fe=(139)

fl=(159)
fn=(514)
30 1
+1 2
-1 4
+1 4
+2 3
cob=(3)
cfi=(154)
cfn=(516)
calls=1 -33 
* 24
+4 5
+1 3
+2 4

fl=(110)
fn=(348)
31 2
fi=(111) ./wcsmbs/../sysdeps/x86_64/multiarch/ifunc-evex.h
+7 6
-1 8
+2 6
+6 4
-3 4
+9 6
+3 8
fe=(110)
-23 2

fl=(177)
fn=(586)
262 1
fi=(178) ./malloc/../sysdeps/unix/sysv/linux/not-cancel.h
97 3
fe=(177)
262 7
+5 1
fi=(178)
97 3
fi=(176)
3143 2
fe=(177)
292 2
+4 3
fi=(176)
1946 4
+3 1
-3 1
+3 2
-3 2
+3 126
-3 126
+3 252
-3 252
+11 1
fe=(177)
300 3
fi=(176)
1958 1
+2 1
fe=(177)
300 1
cob=(3)
cfi=(154)
cfn=(478)
calls=1 0 
* 25
+1 4
cob=(3)
cfi=(154)
cfn=(478)
calls=1 0 
* 26
+1 4
cob=(3)
cfi=(154)
cfn=(478)
calls=1 0 
* 25
+1 4
cob=(3)
cfi=(154)
cfn=(478)
calls=1 0 
* 25
+1 4
cob=(3)
cfi=(154)
cfn=(478)
calls=1 0 
* 26
+1 4
cob=(3)
cfi=(154)
cfn=(478)
calls=1 0 
* 25
+1 4
cob=(3)
cfi=(154)
cfn=(478)
calls=1 0 
* 25
+2 4
cob=(3)
cfi=(154)
cfn=(478)
calls=1 0 
* 25
+1 4
cob=(3)
cfi=(154)
cfn=(478)
calls=1 0 
* 25
+1 4
cob=(3)
cfi=(154)
cfn=(478)
calls=1 0 
* 25
+3 4
cob=(3)
cfi=(154)
cfn=(478)
calls=1 0 
* 25
+1 4
cob=(3)
cfi=(154)
cfn=(478)
calls=1 0 
* 25
+2 2
+10 8

fl=(215)
fn=(986)
48 238
+6 28
+12 28
+76 154
-71 14
+1 28
+69 14
-60 28
cfi=(216)
cfn=(988)
calls=14 -50 
* 462
* 28
+2 14
+1 14
+4 28

fl=(95)
fn=(312)
29 1
fi=(84)
+11 3
-2 4
fe=(95)
-9 2
fi=(84)
+12 2
+1 3
+3 2
+4 3
+3 5
fe=(95)

fl=(230)
fn=(1078)
25 8
+7 1
+4 2
+3 5
+2 1
-2 3
+4 3
+3 2
+35 1
+5 1
+1 1
-1 1
-20 1
+24 7

fl=(213)
fn=(982)
33 17
+2 17
-2 34
+4 51
+1 85
+9 34
+9 17
-9 17
+9 34
+4 4
+2 2
+45 4
-4 15
+4 15
-4 15
+4 15

totals: 9777106901
